% Model:              wave_0.5_直叶片2mm_倾斜0deg-不同间隙对比.mph
% 0.2mm,0.4mm,...,1.4mm
% Version:            COMSOL 6.3.0.290
% Date:               Mar 30 2026, 09:33
% Dimension:          1
% Nodes:              1127
% Expressions:        1
% Description:        全局
% theta*67 (rad)          Value
-5.36                     0.11597710037167169
-5.293                    0.11682056817688125
-5.226                    0.11759955229240177
-5.159                    0.11861785072348481
-5.092                    0.11955866847171477
-5.0249999999999995       0.12035433819851875
-4.958                    0.1214493716143217
-4.891                    0.12252733636926305
-4.824000000000001        0.12375781423002209
-4.757000000000001        0.12492598616117731
-4.69                     0.12628668668735504
-4.623                    0.1276928403984336
-4.556                    0.12927680042857204
-4.489                    0.13097189425789535
-4.422000000000001        0.1326476108091682
-4.355                    0.13460422365643696
-4.288                    0.1368464341438016
-4.221                    0.13933105400286508
-4.154                    0.14193650511590067
-4.087                    0.14494513689071536
-4.02                     0.14818659864555195
-3.953                    0.15207072202925886
-3.886                    0.1559115752780377
-3.819                    0.1605703037131383
-3.7520000000000002       0.16581273794506282
-3.685                    0.1715717288981709
-3.618                    0.17760514427008747
-3.551                    0.18537099183040787
-3.4840000000000004       0.1921584657420891
-3.4170000000000003       0.20062900405904086
-3.35                     0.20927063971402074
-3.283                    0.21859127367798425
-3.216                    0.2272806147833929
-3.149                    0.2375397716166364
-3.082                    0.2487089266130201
-3.0149999999999997       0.25911721321321773
-2.948                    0.26968161663401774
-2.8810000000000002       0.2813378226450555
-2.814                    0.29382251604266585
-2.7470000000000003       0.3061032334475673
-2.68                     0.3187732065152981
-2.613                    0.33053020875328926
-2.546                    0.343342084606945
-2.479                    0.3563207763253984
-2.4120000000000004       0.368967055645702
-2.345                    0.38139272287577886
-2.278                    0.39544104774910666
-2.2110000000000003       0.40639656504949895
-2.144                    0.41821994181239946
-2.077                    0.43015712177760024
-2.01                     0.4418274692415887
-1.9429999999999998       0.45175371528847996
-1.876                    0.4618949348353778
-1.8090000000000002       0.4730851689215404
-1.7420000000000002       0.4826453888039087
-1.675                    0.4910930339862722
-1.608                    0.5008886889173232
-1.541                    0.5087147758201961
-1.474                    0.5180243329835479
-1.4069999999999998       0.5253681024698913
-1.3400000000000003       0.5327477078041624
-1.2730000000000001       0.5404667581739444
-1.2060000000000002       0.5465530670936507
-1.139                    0.5533632370002065
-1.072                    0.5606355287222446
-1.005                    0.5646817463357758
-0.938                    0.5710619646253422
-0.8709999999999999       0.5751841486342367
-0.8039999999999998       0.5811777958118945
-0.7369999999999998       0.5854426901706209
-0.6699999999999997       0.5889060082155566
-0.6029999999999996       0.5920484453943416
-0.5359999999999996       0.5952200511108029
-0.4690000000000004       0.5984604744130444
-0.40200000000000036      0.6009683308796036
-0.3350000000000003       0.6034567072417496
-0.26800000000000024      0.6055997909977194
-0.20100000000000018      0.6055550363901532
-0.13400000000000012      0.606717790529314
-0.06700000000000006      0.6080629053120953
0                         0.6068315532243769
0.06700000000000006       0.6062572650570516
0.13400000000000012       0.6075747727679878
0.20100000000000018       0.606804888620243
0.26800000000000024       0.6040998535940053
0.3350000000000003        0.6015562930053695
0.40200000000000036       0.5992738187979382
0.4690000000000004        0.5975680467056996
0.5359999999999996        0.5967966338827089
0.6029999999999996        0.5935273243349333
0.6699999999999997        0.5901477633772363
0.7369999999999998        0.585128019091086
0.8039999999999998        0.5802207786265987
0.8709999999999999        0.5745128425510952
0.938                     0.5705976336747031
1.005                     0.5656398388742927
1.072                     0.5583556517308144
1.139                     0.552938005545247
1.2060000000000002        0.5470080133951006
1.2730000000000001        0.5404297972238801
1.3400000000000003        0.5337938875541589
1.4070000000000003        0.525731601693149
1.4740000000000004        0.5166253306775114
1.5410000000000004        0.5096782714835028
1.6080000000000005        0.5024174341652681
1.6749999999999996        0.49198841468035265
1.7419999999999998        0.48354195911308334
1.8089999999999997        0.47262033142454335
1.876                     0.46270115154419644
1.9429999999999998        0.4530271713591151
2.01                      0.44194182387335174
2.077                     0.43005102253176586
2.144                     0.4176587151928583
2.2110000000000003        0.4056734446399102
2.278                     0.3936002206612001
2.345                     0.38184828385097574
2.4120000000000004        0.36871563885126624
2.4790000000000005        0.35606849892246367
2.5460000000000003        0.34269862006573626
2.6130000000000004        0.3303959678256366
2.6799999999999997        0.3179291957619639
2.7469999999999994        0.30528048083745135
2.8139999999999996        0.2938471449067934
2.881                     0.28176463447573885
2.948                     0.27045171168060356
3.0149999999999997        0.2594694836726398
3.082                     0.2482131316999419
3.149                     0.23855017126697062
3.216                     0.22758200034460738
3.283                     0.21857385490523945
3.35                      0.20883489375952843
3.4170000000000003        0.20082354374340392
3.4840000000000004        0.19259018157979585
3.551                     0.18485556355947666
3.6180000000000003        0.17736146661825067
3.6850000000000005        0.17159804754518457
3.7520000000000007        0.1658409113005921
3.8190000000000004        0.1608130402885691
3.8860000000000006        0.15591378396658845
3.9530000000000007        0.15198773147108613
4.0200000000000005        0.148099774849831
4.087000000000001         0.1448650040165661
4.154000000000001         0.14184526609685782
4.221000000000001         0.13920522940295174
4.288000000000001         0.13684946600634207
4.3549999999999995        0.134683035052857
4.422                     0.13267918367438022
4.488999999999999         0.13082239319554223
4.555999999999999         0.12919581606230968
4.622999999999999         0.12772694640650828
4.6899999999999995        0.1261939163683927
4.757                     0.12475363991378263
4.824                     0.12362934825657348
4.891                     0.1223740054636841
4.958                     0.12138170056221681
5.0249999999999995        0.12039146563511284
5.092                     0.11950828654289843
5.159                     0.11838884327342741
5.226                     0.11771287671293672
5.293                     0.11678991281191387
5.36                      0.11605098303015948
-5.36                     0.11602957116311566
-5.293                    0.11681720517439523
-5.226                    0.11760973072681496
-5.159                    0.11845138989952426
-5.092                    0.11929324973911105
-5.0249999999999995       0.12021189747421292
-4.958                    0.12109532604243468
-4.891                    0.12218131960344197
-4.824000000000001        0.12324888222321835
-4.757000000000001        0.12440298459080543
-4.69                     0.12552822810167624
-4.623                    0.12684612687337127
-4.556                    0.12833051214396934
-4.489                    0.12982697065406423
-4.422000000000001        0.13132918401048693
-4.355                    0.13314262480098066
-4.288                    0.1349707286441598
-4.221                    0.13697609385121262
-4.154                    0.13917946309391102
-4.087                    0.14153237320720263
-4.02                     0.14414235654059504
-3.953                    0.1468955147062706
-3.886                    0.1499498366119358
-3.819                    0.15316865613128222
-3.7520000000000002       0.1567341708938763
-3.685                    0.1604837260529755
-3.618                    0.16451161713649023
-3.551                    0.16882802257821974
-3.4840000000000004       0.1734665775107626
-3.4170000000000003       0.1782743521348802
-3.35                     0.18342881297112382
-3.283                    0.18857910890073024
-3.216                    0.19401134043776552
-3.149                    0.1998984316866225
-3.082                    0.20552028980593157
-3.0149999999999997       0.21162651475633243
-2.948                    0.21784272979603417
-2.8810000000000002       0.22404066952572563
-2.814                    0.23055391360437458
-2.7470000000000003       0.2373423020501777
-2.68                     0.24376883040650713
-2.613                    0.25035014936762534
-2.546                    0.2570125527719051
-2.479                    0.2635611833600566
-2.4120000000000004       0.2703352035178909
-2.345                    0.2769097706987118
-2.278                    0.28303391304105097
-2.2110000000000003       0.2895761646496769
-2.144                    0.29563987689369364
-2.077                    0.3014889402360507
-2.01                     0.3074513203475821
-1.9429999999999998       0.3131726678536414
-1.876                    0.31852043957389026
-1.8090000000000002       0.32385783610439367
-1.7420000000000002       0.32886000771284246
-1.675                    0.33369757287414026
-1.608                    0.3384041147789186
-1.541                    0.3426563379767056
-1.474                    0.34697589321451894
-1.4069999999999998       0.35109101954911703
-1.3400000000000003       0.3548009391726037
-1.2730000000000001       0.3587294540572786
-1.2060000000000002       0.3624729870890409
-1.139                    0.3655177489961713
-1.072                    0.3687370688127724
-1.005                    0.3716030588414108
-0.938                    0.3748897242063657
-0.8709999999999999       0.37744541312350044
-0.8039999999999998       0.3796247869671768
-0.7369999999999998       0.3811625462407451
-0.6699999999999997       0.38337671407811913
-0.6029999999999996       0.3852962604677721
-0.5359999999999996       0.3865996650023434
-0.4690000000000004       0.3880169611374012
-0.40200000000000036      0.389382382691743
-0.3350000000000003       0.3904624195248268
-0.26800000000000024      0.3913637038265673
-0.20100000000000018      0.391706638947498
-0.13400000000000012      0.3924760608442412
-0.06700000000000006      0.39285191041756296
0                         0.3927174053248505
0.06700000000000006       0.3928992685878857
0.13400000000000012       0.39221895525407724
0.20100000000000018       0.39189805641347275
0.26800000000000024       0.3912821868815346
0.3350000000000003        0.3904750946696586
0.40200000000000036       0.3893033913873096
0.4690000000000004        0.38789889300707814
0.5359999999999996        0.3866792860802126
0.6029999999999996        0.38524812678851533
0.6699999999999997        0.38344929363532504
0.7369999999999998        0.38109922306117894
0.8039999999999998        0.3792864589178427
0.8709999999999999        0.37692305774683965
0.938                     0.37434272209293656
1.005                     0.3714856485921391
1.072                     0.3686182663533721
1.139                     0.365571133892666
1.2060000000000002        0.3621011764040272
1.2730000000000001        0.3586772195612215
1.3400000000000003        0.35493578738493825
1.4070000000000003        0.3511017329527432
1.4740000000000004        0.34709381492809516
1.5410000000000004        0.34329437224803755
1.6080000000000005        0.33896829588800953
1.6749999999999996        0.3341953643855258
1.7419999999999998        0.3286625620085202
1.8089999999999997        0.32374522418264773
1.876                     0.31878438957190175
1.9429999999999998        0.31302989998926456
2.01                      0.3074182076917246
2.077                     0.3015491384215029
2.144                     0.29574334737758795
2.2110000000000003        0.2895328283746336
2.278                     0.28310889029711156
2.345                     0.27667010402580006
2.4120000000000004        0.27029806485435776
2.4790000000000005        0.26367826315365434
2.5460000000000003        0.25697180606153036
2.6130000000000004        0.2502886148237089
2.6799999999999997        0.24367080349547368
2.7469999999999994        0.23710055735980273
2.8139999999999996        0.23053270544338553
2.881                     0.22404301648900152
2.948                     0.2177955223150468
3.0149999999999997        0.21171389982293948
3.082                     0.20552636684146375
3.149                     0.1997944705262668
3.216                     0.19405831882071722
3.283                     0.18845154543184744
3.35                      0.18326172496846757
3.4170000000000003        0.17816205345357522
3.4840000000000004        0.17341788872894812
3.551                     0.16912488778192697
3.6180000000000003        0.16485204960358552
3.6850000000000005        0.1606465979230177
3.7520000000000007        0.15666113063206974
3.8190000000000004        0.15316263805410416
3.8860000000000006        0.14996808870731354
3.9530000000000007        0.14686918374295224
4.0200000000000005        0.1441098735707101
4.087000000000001         0.1414414874849124
4.154000000000001         0.13910612542642062
4.221000000000001         0.13694686622852964
4.288000000000001         0.13497000492420885
4.3549999999999995        0.13309871079043054
4.422                     0.13137499489406598
4.488999999999999         0.12974171390466388
4.555999999999999         0.12830374899870106
4.622999999999999         0.1268820149189843
4.6899999999999995        0.1255487515221685
4.757                     0.12437440653656681
4.824                     0.12325124277484349
4.891                     0.12214670681900591
4.958                     0.12108030120354336
5.0249999999999995        0.12011890773881487
5.092                     0.11929041038358772
5.159                     0.11842619218515149
5.226                     0.11759881502549449
5.293                     0.11681548882379705
5.36                      0.11606685764283294
-5.36                     0.11472318280355852
-5.293                    0.11556983757639507
-5.226                    0.11631381310962167
-5.159                    0.11707021873725026
-5.092                    0.11792071505338096
-5.0249999999999995       0.11873525899266936
-4.958                    0.11967713419461047
-4.891                    0.12064144006939172
-4.824000000000001        0.12150047000594859
-4.757000000000001        0.1225099889566895
-4.69                     0.1236190020251559
-4.623                    0.12481105387713551
-4.556                    0.12630491563213958
-4.489                    0.12757108606044829
-4.422000000000001        0.12900083809165608
-4.355                    0.130535103315255
-4.288                    0.13217756949246084
-4.221                    0.13396692075062866
-4.154                    0.13579984356624725
-4.087                    0.13784711739798236
-4.02                     0.13988218462792854
-3.953                    0.14199264732283132
-3.886                    0.1445265641623556
-3.819                    0.14707013772117325
-3.7520000000000002       0.14967982072021033
-3.685                    0.15248555807854347
-3.618                    0.1554421126883698
-3.551                    0.15848261776795863
-3.4840000000000004       0.16208531721852945
-3.4170000000000003       0.16545171965013972
-3.35                     0.1688620918726462
-3.283                    0.1726579234807143
-3.216                    0.1765244460354
-3.149                    0.18049460987064037
-3.082                    0.18455792649106217
-3.0149999999999997       0.18857248864589027
-2.948                    0.1926718267928483
-2.8810000000000002       0.19693729233364773
-2.814                    0.2014249490694814
-2.7470000000000003       0.20566453955396954
-2.68                     0.210137923937724
-2.613                    0.21447310539586664
-2.546                    0.21872737613132776
-2.479                    0.22304927391454435
-2.4120000000000004       0.2274194957306145
-2.345                    0.232028039761606
-2.278                    0.23618057068282164
-2.2110000000000003       0.24010165485591967
-2.144                    0.24457889503935376
-2.077                    0.24816776971525248
-2.01                     0.2521209979348387
-1.9429999999999998       0.2561657899333232
-1.876                    0.2597244034388654
-1.8090000000000002       0.26320856431246353
-1.7420000000000002       0.266648012897209
-1.675                    0.2699473160611486
-1.608                    0.27326031597865785
-1.541                    0.2763819734322823
-1.474                    0.27872787156028545
-1.4069999999999998       0.2820759268317949
-1.3400000000000003       0.28478219947096484
-1.2730000000000001       0.28724489070665293
-1.2060000000000002       0.2893764198462924
-1.139                    0.29162270803192164
-1.072                    0.29384389661329946
-1.005                    0.29598191687383457
-0.938                    0.2975174040994015
-0.8709999999999999       0.2993171269208076
-0.8039999999999998       0.30111363713326733
-0.7369999999999998       0.3027255993641998
-0.6699999999999997       0.303622484419428
-0.6029999999999996       0.3052259025109433
-0.5359999999999996       0.30615665219838384
-0.4690000000000004       0.3071065401650717
-0.40200000000000036      0.30796589935207114
-0.3350000000000003       0.3088300463007479
-0.26800000000000024      0.30936373326531946
-0.20100000000000018      0.3095131137670951
-0.13400000000000012      0.3099248141218595
-0.06700000000000006      0.31026388628483687
0                         0.31047053126470336
0.06700000000000006       0.31026742399405277
0.13400000000000012       0.309988211627778
0.20100000000000018       0.30966648101273125
0.26800000000000024       0.3092664278601254
0.3350000000000003        0.3085991269648064
0.40200000000000036       0.3080394111108756
0.4690000000000004        0.30728747610441415
0.5359999999999996        0.3063472519316825
0.6029999999999996        0.30496352886680644
0.6699999999999997        0.3037325949913234
0.7369999999999998        0.3025896860587782
0.8039999999999998        0.30104874881692334
0.8709999999999999        0.29946854980365
0.938                     0.2978736036895222
1.005                     0.29594959023286355
1.072                     0.294090040506196
1.139                     0.2919142791699897
1.2060000000000002        0.2896498441040027
1.2730000000000001        0.28744886628237387
1.3400000000000003        0.2844383113524279
1.4070000000000003        0.28203782905227515
1.4740000000000004        0.2789635057922424
1.5410000000000004        0.2760953834951049
1.6080000000000005        0.2732307095406106
1.6749999999999996        0.2702044311876267
1.7419999999999998        0.26680765995434763
1.8089999999999997        0.26335227803327016
1.876                     0.2596293536114843
1.9429999999999998        0.25585739958427073
2.01                      0.2521386760636067
2.077                     0.24826409977406053
2.144                     0.2441655178669264
2.2110000000000003        0.24021277572893296
2.278                     0.23580051445725697
2.345                     0.23180646042127884
2.4120000000000004        0.22764265285152366
2.4790000000000005        0.22304229268933357
2.5460000000000003        0.21886672269315585
2.6130000000000004        0.21435330640269087
2.6799999999999997        0.20998518314565134
2.7469999999999994        0.2057353189279571
2.8139999999999996        0.20119505773957252
2.881                     0.19697081465237262
2.948                     0.1927414956942458
3.0149999999999997        0.18855831823855834
3.082                     0.1843895302420431
3.149                     0.18043136601128948
3.216                     0.176326067527431
3.283                     0.1726677600806987
3.35                      0.1690091529017267
3.4170000000000003        0.16542045161831792
3.4840000000000004        0.1619093895558695
3.551                     0.15847452618328117
3.6180000000000003        0.15522072098393172
3.6850000000000005        0.15219163384883788
3.7520000000000007        0.14975974082885568
3.8190000000000004        0.14699494199186497
3.8860000000000006        0.14456022386024367
3.9530000000000007        0.1419891350137341
4.0200000000000005        0.13975722454004139
4.087000000000001         0.13761274801633097
4.154000000000001         0.13568221189561835
4.221000000000001         0.13391345872005694
4.288000000000001         0.13215972930505426
4.3549999999999995        0.1303388088374339
4.422                     0.1290376669123185
4.488999999999999         0.12738073926151686
4.555999999999999         0.12608418516866798
4.622999999999999         0.12494998191266407
4.6899999999999995        0.12364530455811669
4.757                     0.12263599238624426
4.824                     0.1217025568383649
4.891                     0.12056670480186012
4.958                     0.11954892556856307
5.0249999999999995        0.11872234706940442
5.092                     0.11786379109911534
5.159                     0.11707311852951013
5.226                     0.11624071307156751
5.293                     0.1155329265905574
5.36                      0.11483294602797298
-5.36                     0.11312234331036873
-5.293                    0.11408725421991546
-5.226                    0.114807023041747
-5.159                    0.11555578610611762
-5.092                    0.11615687372389742
-5.0249999999999995       0.11703477456446544
-4.958                    0.11796655329182215
-4.891                    0.11878040934846076
-4.824000000000001        0.11951545750324616
-4.757000000000001        0.12059448603170793
-4.69                     0.12138965696457127
-4.623                    0.12255145688986904
-4.556                    0.1239772245193441
-4.489                    0.12521634540019985
-4.422000000000001        0.12634849002643933
-4.355                    0.12770241365871013
-4.288                    0.12899280730198046
-4.221                    0.13062134699573996
-4.154                    0.13213354170536953
-4.087                    0.13372924229452912
-4.02                     0.13544708643020545
-3.953                    0.13703138003435109
-3.886                    0.13902874863493445
-3.819                    0.14131522436642077
-3.7520000000000002       0.14339960214734696
-3.685                    0.14570096826542664
-3.618                    0.1477933275533504
-3.551                    0.1502534738481838
-3.4840000000000004       0.1528771038055421
-3.4170000000000003       0.15546439094887393
-3.35                     0.1578789257526177
-3.283                    0.16085477049979188
-3.216                    0.16337095642050062
-3.149                    0.1665033579872996
-3.082                    0.16928171769390007
-3.0149999999999997       0.17261852627375615
-2.948                    0.1756863696401056
-2.8810000000000002       0.17853623435441318
-2.814                    0.18166766345205196
-2.7470000000000003       0.18484567985459485
-2.68                     0.18778707159888186
-2.613                    0.19145876419946456
-2.546                    0.19386737234097784
-2.479                    0.19770572574542533
-2.4120000000000004       0.20069375186814162
-2.345                    0.2037870107297823
-2.278                    0.20721564458444855
-2.2110000000000003       0.2098851329458061
-2.144                    0.21304396385195373
-2.077                    0.2160818958604596
-2.01                     0.21881988477373954
-1.9429999999999998       0.2217263348477682
-1.876                    0.22406755102807605
-1.8090000000000002       0.22660241849700358
-1.7420000000000002       0.22925386060696315
-1.675                    0.23166426629289108
-1.608                    0.2343428129434452
-1.541                    0.23662211568499864
-1.474                    0.23886686328302256
-1.4069999999999998       0.24114834231239704
-1.3400000000000003       0.24282329600706193
-1.2730000000000001       0.24491590964028231
-1.2060000000000002       0.24659370075039425
-1.139                    0.24841719824826564
-1.072                    0.2500529370109852
-1.005                    0.25145613788698556
-0.938                    0.25295508833548197
-0.8709999999999999       0.25435462233235917
-0.8039999999999998       0.25544547867022
-0.7369999999999998       0.2564915064272904
-0.6699999999999997       0.2575996535839652
-0.6029999999999996       0.2586189776555212
-0.5359999999999996       0.25952394766203307
-0.4690000000000004       0.25983652368475113
-0.40200000000000036      0.26082789627358677
-0.3350000000000003       0.26108727401568754
-0.26800000000000024      0.2612093667875794
-0.20100000000000018      0.2620081713970532
-0.13400000000000012      0.2621366633925241
-0.06700000000000006      0.2623609154851007
0                         0.26248089389713264
0.06700000000000006       0.2626270067864617
0.13400000000000012       0.2624155598464474
0.20100000000000018       0.2620964202710276
0.26800000000000024       0.2617327030990034
0.3350000000000003        0.26102814695851767
0.40200000000000036       0.26050845514858184
0.4690000000000004        0.2599607824741787
0.5359999999999996        0.2592432091370369
0.6029999999999996        0.25854066103169426
0.6699999999999997        0.2574084174349834
0.7369999999999998        0.2566154099995481
0.8039999999999998        0.2553298099936987
0.8709999999999999        0.25395428826841643
0.938                     0.2529994730897698
1.005                     0.25122378268392087
1.072                     0.24977111485908576
1.139                     0.24823679351592523
1.2060000000000002        0.24642667946798077
1.2730000000000001        0.24479420069856242
1.3400000000000003        0.24281295307526135
1.4070000000000003        0.24098814652086362
1.4740000000000004        0.23877866820880905
1.5410000000000004        0.236600753972426
1.6080000000000005        0.23428669631187207
1.6749999999999996        0.23163969123693895
1.7419999999999998        0.22948229110286494
1.8089999999999997        0.22673709663996605
1.876                     0.2242773640446563
1.9429999999999998        0.22154734296765832
2.01                      0.21889257051502298
2.077                     0.2160664386129902
2.144                     0.21291650811054816
2.2110000000000003        0.2103614426176052
2.278                     0.20707571495134483
2.345                     0.20404277372904636
2.4120000000000004        0.20070952925722363
2.4790000000000005        0.19741951791683102
2.5460000000000003        0.19402451348787103
2.6130000000000004        0.19106197525334725
2.6799999999999997        0.18779884146033146
2.7469999999999994        0.18472696375069403
2.8139999999999996        0.18184819760067736
2.881                     0.17867409368771692
2.948                     0.17559633922519463
3.0149999999999997        0.17254276088142936
3.082                     0.16970161368973372
3.149                     0.1667652079972917
3.216                     0.16349960496097796
3.283                     0.16061333806638242
3.35                      0.15828758520635203
3.4170000000000003        0.1553650528500081
3.4840000000000004        0.15297130647037605
3.551                     0.15036425147960988
3.6180000000000003        0.14791249767475784
3.6850000000000005        0.14561811015411247
3.7520000000000007        0.14334554908990663
3.8190000000000004        0.14124813616509918
3.8860000000000006        0.1392792019949593
3.9530000000000007        0.13738811939688853
4.0200000000000005        0.13550091143192888
4.087000000000001         0.13366050263155507
4.154000000000001         0.13176267588900875
4.221000000000001         0.13048594677657574
4.288000000000001         0.12900586814008777
4.3549999999999995        0.12765825269769954
4.422                     0.1262553409231968
4.488999999999999         0.12486368927434817
4.555999999999999         0.12378427971781915
4.622999999999999         0.12277315729557596
4.6899999999999995        0.121615668673557
4.757                     0.1206999449822465
4.824                     0.11961122493474226
4.891                     0.11879893952386592
4.958                     0.11791347379069972
5.0249999999999995        0.11704016855328449
5.092                     0.11616591692590389
5.159                     0.115366782941641
5.226                     0.11476460692459657
5.293                     0.11384237408295489
5.36                      0.11342522762623038
-5.36                     0.11160480059530073
-5.293                    0.11232028902756401
-5.226                    0.11309101967648086
-5.159                    0.11365705620397748
-5.092                    0.11424345372374507
-5.0249999999999995       0.11506710167084279
-4.958                    0.11583917843228331
-4.891                    0.1166664584705662
-4.824000000000001        0.11746322807797561
-4.757000000000001        0.11844106813816421
-4.69                     0.11955927742579814
-4.623                    0.12048320069062057
-4.556                    0.12141567925961862
-4.489                    0.12249093950624862
-4.422000000000001        0.12340773668037373
-4.355                    0.1243253104962436
-4.288                    0.12556174646172974
-4.221                    0.12704958764555604
-4.154                    0.12834893275650577
-4.087                    0.12991285786799417
-4.02                     0.13133302816747186
-3.953                    0.13269158946716977
-3.886                    0.134357382707255
-3.819                    0.13604911482119364
-3.7520000000000002       0.13774337806252754
-3.685                    0.1396509550473316
-3.618                    0.1412057324390154
-3.551                    0.14325254099753093
-3.4840000000000004       0.14518122664487274
-3.4170000000000003       0.14734395403648679
-3.35                     0.14944725974777873
-3.283                    0.15161763103003562
-3.216                    0.153765630760932
-3.149                    0.15590838900137702
-3.082                    0.1582511207138329
-3.0149999999999997       0.16054742866016383
-2.948                    0.1628959398100738
-2.8810000000000002       0.16523156241921494
-2.814                    0.16752697996421043
-2.7470000000000003       0.17019209773526356
-2.68                     0.1726236628419743
-2.613                    0.1749302930673371
-2.546                    0.17712170942965236
-2.479                    0.17973201841637454
-2.4120000000000004       0.18220520698633508
-2.345                    0.18442819094497792
-2.278                    0.18668616538766797
-2.2110000000000003       0.18911539847325304
-2.144                    0.19132645814360955
-2.077                    0.19404661396295247
-2.01                     0.19578721253437706
-1.9429999999999998       0.19803280986589827
-1.876                    0.19995824219316338
-1.8090000000000002       0.20206620478990273
-1.7420000000000002       0.20384217106888056
-1.675                    0.20587461844184005
-1.608                    0.20782055407842034
-1.541                    0.20974130589033718
-1.474                    0.21160778352535714
-1.4069999999999998       0.21319384947203185
-1.3400000000000003       0.2149484250141529
-1.2730000000000001       0.21632000650826738
-1.2060000000000002       0.21767397867550722
-1.139                    0.2190258212965115
-1.072                    0.22012965902985265
-1.005                    0.22142213320728218
-0.938                    0.22266959590319232
-0.8709999999999999       0.22359256623976234
-0.8039999999999998       0.2245098644690279
-0.7369999999999998       0.22532428475773947
-0.6699999999999997       0.22619453387633623
-0.6029999999999996       0.22721700221176896
-0.5359999999999996       0.22778782804121323
-0.4690000000000004       0.22847358867060574
-0.40200000000000036      0.22885166277876262
-0.3350000000000003       0.22918235154813907
-0.26800000000000024      0.22970568507452624
-0.20100000000000018      0.2300312476685355
-0.13400000000000012      0.23022744703439676
-0.06700000000000006      0.2302865705516369
0                         0.23045789389439073
0.06700000000000006       0.23027821280149868
0.13400000000000012       0.2299206735939377
0.20100000000000018       0.229833153555287
0.26800000000000024       0.2295633587962758
0.3350000000000003        0.22933879700091334
0.40200000000000036       0.22897808899246436
0.4690000000000004        0.22838552866845
0.5359999999999996        0.22776776494753662
0.6029999999999996        0.22717838686643935
0.6699999999999997        0.2263083284045369
0.7369999999999998        0.2253254837579098
0.8039999999999998        0.22473761526199013
0.8709999999999999        0.22360653452743057
0.938                     0.22255032443069622
1.005                     0.22132659122717518
1.072                     0.2203496690697827
1.139                     0.2190561845912727
1.2060000000000002        0.21767966957485632
1.2730000000000001        0.21633083686407895
1.3400000000000003        0.21456467105488541
1.4070000000000003        0.2130935220742604
1.4740000000000004        0.21144859082155457
1.5410000000000004        0.21009706803972247
1.6080000000000005        0.20797401849112157
1.6749999999999996        0.2062559303640338
1.7419999999999998        0.2040163459497001
1.8089999999999997        0.2021439250290155
1.876                     0.20019275391309505
1.9429999999999998        0.1979058281307224
2.01                      0.19578437320495012
2.077                     0.1936007375298335
2.144                     0.191452819739642
2.2110000000000003        0.18916577580137167
2.278                     0.18672310228715894
2.345                     0.1844947477219855
2.4120000000000004        0.18201464345897567
2.4790000000000005        0.17948713696904103
2.5460000000000003        0.17724925566757876
2.6130000000000004        0.17454975766552025
2.6799999999999997        0.17258221028576334
2.7469999999999994        0.17010095271093553
2.8139999999999996        0.16746996537240375
2.881                     0.16550019827980647
2.948                     0.16283361689886217
3.0149999999999997        0.16058602864190863
3.082                     0.15829909020369987
3.149                     0.15611275725747936
3.216                     0.1536695596726621
3.283                     0.15172411199287267
3.35                      0.14948935337380947
3.4170000000000003        0.14735069091220296
3.4840000000000004        0.14550115900783192
3.551                     0.14358493890249763
3.6180000000000003        0.14123618175276917
3.6850000000000005        0.13978793998547395
3.7520000000000007        0.13764199020966586
3.8190000000000004        0.13599343010246243
3.8860000000000006        0.13446963312019902
3.9530000000000007        0.13277282743341962
4.0200000000000005        0.1313409725091281
4.087000000000001         0.12969611624120503
4.154000000000001         0.1286271688530404
4.221000000000001         0.1270885993618574
4.288000000000001         0.12610824604938106
4.3549999999999995        0.12448306341385183
4.422                     0.12299438900377288
4.488999999999999         0.12230078525690867
4.555999999999999         0.12132108059473992
4.622999999999999         0.12013980691863906
4.6899999999999995        0.11936335926100868
4.757                     0.11836800372759518
4.824                     0.11751018227098414
4.891                     0.1165203722206184
4.958                     0.11585514041972675
5.0249999999999995        0.11511426760063215
5.092                     0.11430917936595429
5.159                     0.11359371953232139
5.226                     0.11290232660395427
5.293                     0.11236667380822299
5.36                      0.11144961698544432
-5.36                     0.11060433290844161
-5.293                    0.11136570774115422
-5.226                    0.11193074453916166
-5.159                    0.11272375879965721
-5.092                    0.11332644276288027
-5.0249999999999995       0.11385567318648906
-4.958                    0.1145459871039309
-4.891                    0.11530388439383536
-4.824000000000001        0.11606830340360945
-4.757000000000001        0.11667677523992279
-4.69                     0.1176626453783373
-4.623                    0.1184322553163765
-4.556                    0.11938235540918518
-4.489                    0.12041487690514828
-4.422000000000001        0.12127544973364345
-4.355                    0.12220968472106827
-4.288                    0.1233485723921708
-4.221                    0.12430769189016865
-4.154                    0.12561878884165423
-4.087                    0.12683787211809697
-4.02                     0.12790486095502668
-3.953                    0.12940044887054258
-3.886                    0.13051577042147064
-3.819                    0.13178579284132902
-3.7520000000000002       0.13335767451564462
-3.685                    0.13491025236314996
-3.618                    0.13625025757147174
-3.551                    0.13795435716743298
-3.4840000000000004       0.1394298164021554
-3.4170000000000003       0.1412368279473025
-3.35                     0.14299931799680343
-3.283                    0.14466481816697943
-3.216                    0.14641486541875903
-3.149                    0.1480634552143224
-3.082                    0.14976130377658153
-3.0149999999999997       0.15179256449389378
-2.948                    0.15364398898688078
-2.8810000000000002       0.15572400983905316
-2.814                    0.15757763657232635
-2.7470000000000003       0.1593259626440546
-2.68                     0.16125547365316456
-2.613                    0.16319835023625875
-2.546                    0.16515165622658678
-2.479                    0.16696010414570647
-2.4120000000000004       0.16867766906401793
-2.345                    0.17054665641874295
-2.278                    0.17256275578436397
-2.2110000000000003       0.17450010837325275
-2.144                    0.176217587578244
-2.077                    0.17835106571923612
-2.01                     0.17970824353570272
-1.9429999999999998       0.1813480380143324
-1.876                    0.1829739407638492
-1.8090000000000002       0.1843719225153378
-1.7420000000000002       0.18625660318371076
-1.675                    0.18786032202784514
-1.608                    0.18935804251449984
-1.541                    0.19080402758117992
-1.474                    0.19224228722659464
-1.4069999999999998       0.19329651178621712
-1.3400000000000003       0.19477060946886351
-1.2730000000000001       0.196036603707706
-1.2060000000000002       0.1970311041567743
-1.139                    0.19828170574743592
-1.072                    0.19924590601571762
-1.005                    0.2000682452423956
-0.938                    0.20128992240444854
-0.8709999999999999       0.20208973335385802
-0.8039999999999998       0.2029091341447351
-0.7369999999999998       0.2032767445766759
-0.6699999999999997       0.20375447713817232
-0.6029999999999996       0.20465673452896904
-0.5359999999999996       0.2052438595773593
-0.4690000000000004       0.20616073253180747
-0.40200000000000036      0.20622803031827192
-0.3350000000000003       0.2064879250932059
-0.26800000000000024      0.20684551227878067
-0.20100000000000018      0.20693995714964866
-0.13400000000000012      0.20736883382168678
-0.06700000000000006      0.20727532721115766
0                         0.20751136759701633
0.06700000000000006       0.20724424751373485
0.13400000000000012       0.20726920219525313
0.20100000000000018       0.20691993797100364
0.26800000000000024       0.20673495976783193
0.3350000000000003        0.2065405448294174
0.40200000000000036       0.20606116735017657
0.4690000000000004        0.2057672165769907
0.5359999999999996        0.20543132728116648
0.6029999999999996        0.20478561048150107
0.6699999999999997        0.20418415605981896
0.7369999999999998        0.20358746179624043
0.8039999999999998        0.20263743727996902
0.8709999999999999        0.20170013378152052
0.938                     0.20106809285640595
1.005                     0.20009149053863717
1.072                     0.19895635282205565
1.139                     0.1981317551464541
1.2060000000000002        0.19716132564561098
1.2730000000000001        0.1959949591443461
1.3400000000000003        0.19466776127430704
1.4070000000000003        0.1930950226111464
1.4740000000000004        0.1920178109355058
1.5410000000000004        0.1906694669724517
1.6080000000000005        0.1891480345267699
1.6749999999999996        0.1876342531666818
1.7419999999999998        0.18610912675803948
1.8089999999999997        0.18477516645827607
1.876                     0.18293940811866422
1.9429999999999998        0.18122374998398955
2.01                      0.17956456239302596
2.077                     0.17802610163386978
2.144                     0.17607260489118856
2.2110000000000003        0.17437070224821977
2.278                     0.17249987185602847
2.345                     0.17047569697850917
2.4120000000000004        0.16865770344056308
2.4790000000000005        0.16671110312989648
2.5460000000000003        0.164793822338033
2.6130000000000004        0.16270125457865012
2.6799999999999997        0.16113760090260765
2.7469999999999994        0.15903674932330772
2.8139999999999996        0.15735544583295763
2.881                     0.15532035487109508
2.948                     0.15379695461219559
3.0149999999999997        0.15164757688658542
3.082                     0.1501021008446762
3.149                     0.14818598102138245
3.216                     0.14639540211869836
3.283                     0.14475385256920906
3.35                      0.14299213226250462
3.4170000000000003        0.14117833476217156
3.4840000000000004        0.13960596006110065
3.551                     0.1379574002891108
3.6180000000000003        0.13666702120097804
3.6850000000000005        0.1350691249152329
3.7520000000000007        0.13336267409997518
3.8190000000000004        0.13201576973295465
3.8860000000000006        0.13074281978188793
3.9530000000000007        0.12939901103737667
4.0200000000000005        0.12793956077727456
4.087000000000001         0.1268032206047536
4.154000000000001         0.12554211401920934
4.221000000000001         0.12454485412135555
4.288000000000001         0.12328902787154375
4.3549999999999995        0.12220569520652506
4.422                     0.12148209146088987
4.488999999999999         0.12027185063669028
4.555999999999999         0.11921645545059444
4.622999999999999         0.11857970589875719
4.6899999999999995        0.11747028839780638
4.757                     0.11682062746879664
4.824                     0.11622085797466918
4.891                     0.11514685331959128
4.958                     0.11466123426741588
5.0249999999999995        0.11389769754420936
5.092                     0.11331770634082276
5.159                     0.11243988111089566
5.226                     0.11198404683739681
5.293                     0.11135962508791038
5.36                      0.11076474735992572
-5.36                     0.10975514075456859
-5.293                    0.11025358781822206
-5.226                    0.11066626324144109
-5.159                    0.11146209658817162
-5.092                    0.11223123312520043
-5.0249999999999995       0.11254761480045361
-4.958                    0.11314220573880676
-4.891                    0.11365385777409875
-4.824000000000001        0.11448381626998155
-4.757000000000001        0.1150856344953426
-4.69                     0.11585651721836888
-4.623                    0.1165066281388476
-4.556                    0.1175278463038567
-4.489                    0.11805270110033586
-4.422000000000001        0.11921759626718505
-4.355                    0.12003390020320509
-4.288                    0.12085161884711647
-4.221                    0.12190700897208374
-4.154                    0.12308126790509807
-4.087                    0.12393680171979589
-4.02                     0.1251997962565229
-3.953                    0.12588091396037035
-3.886                    0.12729423793496897
-3.819                    0.12846602449818548
-3.7520000000000002       0.12946066701844267
-3.685                    0.13074471532915324
-3.618                    0.13201414916153778
-3.551                    0.1333398097372024
-3.4840000000000004       0.13473129661264246
-3.4170000000000003       0.13611689019319642
-3.35                     0.13750138318552813
-3.283                    0.13892291293851516
-3.216                    0.1402494799288081
-3.149                    0.14172262487848317
-3.082                    0.14335074735861675
-3.0149999999999997       0.14488745731600017
-2.948                    0.14632645835042196
-2.8810000000000002       0.14776548051768307
-2.814                    0.14929792708992753
-2.7470000000000003       0.15091090492304354
-2.68                     0.15220740914525765
-2.613                    0.15378862990213776
-2.546                    0.15528412264694164
-2.479                    0.15681848719226693
-2.4120000000000004       0.15862220247423933
-2.345                    0.1601370652428833
-2.278                    0.16151383338086617
-2.2110000000000003       0.16295135049242476
-2.144                    0.16421844082479806
-2.077                    0.1658968408249802
-2.01                     0.16716402342629869
-1.9429999999999998       0.16866889558629714
-1.876                    0.1698867983723779
-1.8090000000000002       0.17129463934280204
-1.7420000000000002       0.17250404011575196
-1.675                    0.1735895212717426
-1.608                    0.17500049353207495
-1.541                    0.17636164858208428
-1.474                    0.17739353734650334
-1.4069999999999998       0.17866995017833642
-1.3400000000000003       0.1795262428794603
-1.2730000000000001       0.18069872431298514
-1.2060000000000002       0.18152312181561053
-1.139                    0.18240468252283246
-1.072                    0.18317848626658925
-1.005                    0.183940096465615
-0.938                    0.18486558900785868
-0.8709999999999999       0.1857215092924754
-0.8039999999999998       0.18616508360512504
-0.7369999999999998       0.186682518581519
-0.6699999999999997       0.18723923679117224
-0.6029999999999996       0.1878681139810442
-0.5359999999999996       0.18837153084662314
-0.4690000000000004       0.1887762352691043
-0.40200000000000036      0.18902528341072306
-0.3350000000000003       0.18923366084112667
-0.26800000000000024      0.18949497262960752
-0.20100000000000018      0.18980856835464469
-0.13400000000000012      0.18998321929919793
-0.06700000000000006      0.18995320907636035
0                         0.1899638136308623
0.06700000000000006       0.19006385896517902
0.13400000000000012       0.18985923002524946
0.20100000000000018       0.18962173032018487
0.26800000000000024       0.18953731070964125
0.3350000000000003        0.18923255160542962
0.40200000000000036       0.18893069860796266
0.4690000000000004        0.18871891586202072
0.5359999999999996        0.18815931398393884
0.6029999999999996        0.18797063585122512
0.6699999999999997        0.1874471827262778
0.7369999999999998        0.18664242881346632
0.8039999999999998        0.18627570075661568
0.8709999999999999        0.18559605921499384
0.938                     0.18486580681925008
1.005                     0.1841117293980861
1.072                     0.18308476246943153
1.139                     0.1823099772918639
1.2060000000000002        0.18134572024666795
1.2730000000000001        0.18061391638307425
1.3400000000000003        0.17962261848056035
1.4070000000000003        0.17856427176122827
1.4740000000000004        0.17735176010161044
1.5410000000000004        0.1761785436784279
1.6080000000000005        0.17476271796481682
1.6749999999999996        0.17381776089828563
1.7419999999999998        0.17254331908387435
1.8089999999999997        0.17129543620323626
1.876                     0.16986061203983546
1.9429999999999998        0.16869117026601618
2.01                      0.1673619441688303
2.077                     0.16580999977315247
2.144                     0.16445897411762908
2.2110000000000003        0.1629569619135414
2.278                     0.1614487028916266
2.345                     0.15990826085689464
2.4120000000000004        0.15841093766635272
2.4790000000000005        0.15672696341388123
2.5460000000000003        0.15514431308016308
2.6130000000000004        0.15398189755193684
2.6799999999999997        0.1523738027635627
2.7469999999999994        0.1508759651582983
2.8139999999999996        0.14913903989990854
2.881                     0.14774741377597111
2.948                     0.1461824175540283
3.0149999999999997        0.14483075238024687
3.082                     0.1433748415457976
3.149                     0.14187558233079492
3.216                     0.1402979274904447
3.283                     0.13893868926366568
3.35                      0.1374587751739195
3.4170000000000003        0.13610026347929016
3.4840000000000004        0.13486839653179633
3.551                     0.13380165833625252
3.6180000000000003        0.13234270054771352
3.6850000000000005        0.13118260821765604
3.7520000000000007        0.12960233986969627
3.8190000000000004        0.1284503238471002
3.8860000000000006        0.12741952139075208
3.9530000000000007        0.1262230181617305
4.0200000000000005        0.12490128310406717
4.087000000000001         0.12381939735592273
4.154000000000001         0.1229485313518423
4.221000000000001         0.12194612841148168
4.288000000000001         0.12103735730686555
4.3549999999999995        0.12024464247181764
4.422                     0.11899323974786195
4.488999999999999         0.11813609176412661
4.555999999999999         0.11755583087574162
4.622999999999999         0.11659305190544321
4.6899999999999995        0.11574424626996865
4.757                     0.11516183164771374
4.824                     0.11436679833067467
4.891                     0.11374743953747223
4.958                     0.1130780349153734
5.0249999999999995        0.11228914842186426
5.092                     0.11186184899366163
5.159                     0.11137665089444275
5.226                     0.11092966586822546
5.293                     0.11043248151576802
5.36                      0.1095244835204069
