% Model:              wave_0.5_直叶片2mm_倾斜0deg-不同间隙对比 - 副本.mph
% Version:            COMSOL 6.3.0.290
% Date:               Jun 10 2026, 08:31
% Dimension:          1
% Nodes:              966
% Expressions:        1
% Description:        全局
% theta*67 (rad)          Value
-5.36                     0.11546669795447605
-5.36                     0.11381864730541583
-5.36                     0.11233160626491998
-5.36                     0.11093463854376484
-5.36                     0.11015884649387142
-5.36                     0.10883212573379597
-5.293                    0.11621958644565421
-5.293                    0.11476753279213983
-5.293                    0.11300175475745039
-5.293                    0.11194391115106608
-5.293                    0.11072294272819515
-5.293                    0.1096696801592752
-5.226                    0.11693463568425759
-5.226                    0.11548114264559116
-5.226                    0.11396856454380261
-5.226                    0.11248104223634921
-5.226                    0.11132967136074898
-5.226                    0.11014680953044892
-5.159                    0.11774347577930612
-5.159                    0.11618429799388262
-5.159                    0.11444458664958912
-5.159                    0.1128809054029679
-5.159                    0.11176884763376264
-5.159                    0.11043482705415326
-5.092                    0.11859777161976391
-5.092                    0.11701627856186654
-5.092                    0.1154768228795694
-5.092                    0.1135516930230688
-5.092                    0.11239737360569484
-5.092                    0.11110047641715257
-5.0249999999999995       0.11950286888762382
-5.0249999999999995       0.11778571764589424
-5.0249999999999995       0.1160210118137811
-5.0249999999999995       0.11442266120447575
-5.0249999999999995       0.1128090418731519
-5.0249999999999995       0.11173936874555623
-4.958                    0.1203863689339293
-4.958                    0.1185814395144778
-4.958                    0.11683807943699637
-4.958                    0.11510510437712489
-4.958                    0.11354651647030016
-4.958                    0.11222538466435365
-4.891                    0.12138082595787879
-4.891                    0.11957640398902794
-4.891                    0.11770521455941359
-4.891                    0.11589524922283626
-4.891                    0.11431346508247564
-4.891                    0.11255552813171867
-4.824000000000001        0.12239667289538816
-4.824000000000001        0.1202419414639884
-4.824000000000001        0.11837399340802525
-4.824000000000001        0.11649120189278823
-4.824000000000001        0.11489202803634434
-4.824000000000001        0.11363898430325114
-4.757000000000001        0.12354714073431311
-4.757000000000001        0.12124475899165701
-4.757000000000001        0.11928077037285108
-4.757000000000001        0.1174678699413055
-4.757000000000001        0.11566733543687552
-4.757000000000001        0.1140007366992404
-4.69                     0.12464244370027834
-4.69                     0.12226819848538895
-4.69                     0.12020997157887253
-4.69                     0.11835456304481703
-4.69                     0.11640333329885948
-4.69                     0.11499192029635935
-4.623                    0.1258081860729831
-4.623                    0.12345010675785636
-4.623                    0.12127966206179178
-4.623                    0.1192706293116655
-4.623                    0.11718259482605961
-4.623                    0.11547658856947748
-4.556                    0.12724132827180656
-4.556                    0.12483029284499944
-4.556                    0.12255955105023188
-4.556                    0.1200652858865621
-4.556                    0.11804248027679365
-4.556                    0.11611883501798903
-4.489                    0.12863239085774483
-4.489                    0.12615940257905203
-4.489                    0.12367877375973498
-4.489                    0.12117516431046764
-4.489                    0.11902034516949822
-4.489                    0.11691677260032554
-4.422000000000001        0.13010109127258537
-4.422000000000001        0.12734667925620202
-4.422000000000001        0.12469267649562905
-4.422000000000001        0.12223855575184712
-4.422000000000001        0.11969657370484277
-4.422000000000001        0.11762224995236092
-4.355                    0.13169784720648098
-4.355                    0.12884943254204237
-4.355                    0.12607189117444131
-4.355                    0.12275007299319206
-4.355                    0.12077791415012179
-4.355                    0.11853691974228607
-4.288                    0.1334153998516909
-4.288                    0.13004713453521724
-4.288                    0.12717262352539463
-4.288                    0.12432827799486557
-4.288                    0.1220292921628179
-4.288                    0.11954895774346375
-4.221                    0.13529161476899892
-4.221                    0.1318638610927329
-4.221                    0.12815490185990458
-4.221                    0.12545559589930444
-4.221                    0.12290995975962275
-4.221                    0.1203544421644858
-4.154                    0.1371924963190266
-4.154                    0.1334343017289547
-4.154                    0.12952098124526823
-4.154                    0.12653641638347404
-4.154                    0.12404025970055241
-4.154                    0.12112703509498311
-4.087                    0.13927199724600958
-4.087                    0.13518039279147884
-4.087                    0.13130143826428814
-4.087                    0.12790737449561806
-4.087                    0.12493634657100977
-4.087                    0.12219183468290547
-4.02                     0.14150830787504995
-4.02                     0.1370796131006849
-4.02                     0.1328239408214168
-4.02                     0.12894319337618607
-4.02                     0.12602856736397877
-4.02                     0.12311977843725175
-3.953                    0.1438531834371
-3.953                    0.1388131366529894
-3.953                    0.13406588114645773
-3.953                    0.1301141351830468
-3.953                    0.12702630188430036
-3.953                    0.12413559832153732
-3.886                    0.1464497800604595
-3.886                    0.14080143567709077
-3.886                    0.13633564876545742
-3.886                    0.13162233670995563
-3.886                    0.1283956805015366
-3.886                    0.1251038407547045
-3.819                    0.14920455451616432
-3.819                    0.14307159116164803
-3.819                    0.13783601974995857
-3.819                    0.13302863176595733
-3.819                    0.12932618547999566
-3.819                    0.1262477840780608
-3.7520000000000002       0.15206209535420348
-3.7520000000000002       0.14549898187330465
-3.7520000000000002       0.13981047835655164
-3.7520000000000002       0.1348047685017319
-3.7520000000000002       0.13096239940108412
-3.7520000000000002       0.12724343325802068
-3.685                    0.1551431172167885
-3.685                    0.1476937041998257
-3.685                    0.14145382563847503
-3.685                    0.13644623192681757
-3.685                    0.1321308793644849
-3.685                    0.12857541199295006
-3.618                    0.15850003490309314
-3.618                    0.150265316808554
-3.618                    0.1435211433734603
-3.618                    0.13800181593798222
-3.618                    0.1332522914811695
-3.618                    0.1294675803874454
-3.551                    0.16188615062519435
-3.551                    0.15285336978549216
-3.551                    0.14540427633628555
-3.551                    0.13968354769026925
-3.551                    0.1347848110506569
-3.551                    0.13075732079702893
-3.4840000000000004       0.16557519613686925
-3.4840000000000004       0.15553811320310765
-3.4840000000000004       0.1477969530235556
-3.4840000000000004       0.14137662839182202
-3.4840000000000004       0.13608710471915492
-3.4840000000000004       0.13197311178781315
-3.4170000000000003       0.16929249991949413
-3.4170000000000003       0.15833176812327487
-3.4170000000000003       0.1498026928156756
-3.4170000000000003       0.14312345843379778
-3.4170000000000003       0.1376957658823076
-3.4170000000000003       0.1330851850597499
-3.35                     0.17316824866993716
-3.35                     0.16110065711665916
-3.35                     0.1521156803710626
-3.35                     0.14494442343883704
-3.35                     0.13891856331014973
-3.35                     0.13414442395262716
-3.283                    0.17727680791127184
-3.283                    0.16442963012919548
-3.283                    0.15475781528370747
-3.283                    0.14651611922849875
-3.283                    0.14081952664909828
-3.283                    0.1356413739960912
-3.216                    0.18149782724016694
-3.216                    0.1672706207994233
-3.216                    0.15720426737496976
-3.216                    0.1485201590284732
-3.216                    0.14224684808473237
-3.216                    0.13681868899022948
-3.149                    0.18588249649875366
-3.149                    0.17064925917171106
-3.149                    0.1594222395874107
-3.149                    0.15051317568649042
-3.149                    0.14375278280832343
-3.149                    0.13796918424466015
-3.082                    0.190311106204322
-3.082                    0.17379569499668499
-3.082                    0.16196240137216578
-3.082                    0.15252330767488476
-3.082                    0.14540106024123314
-3.082                    0.13936203314566464
-3.0149999999999997       0.19494820786202033
-3.0149999999999997       0.17720656980648775
-3.0149999999999997       0.16437473763251143
-3.0149999999999997       0.1544828860614689
-3.0149999999999997       0.1469247831218808
-3.0149999999999997       0.14055314185481058
-2.948                    0.19961582359566235
-2.948                    0.18062181440450162
-2.948                    0.16706539001497012
-2.948                    0.15641446501742248
-2.948                    0.14837827866294487
-2.948                    0.14204522635771463
-2.8810000000000002       0.2043749260168786
-2.8810000000000002       0.1841294294230233
-2.8810000000000002       0.16969643872261853
-2.8810000000000002       0.1585434274056068
-2.8810000000000002       0.15028234264802479
-2.8810000000000002       0.14343357704126702
-2.814                    0.2092729797078339
-2.814                    0.18754859323010328
-2.814                    0.17232083058909528
-2.814                    0.16054797601317464
-2.814                    0.15180975822012072
-2.814                    0.14478242607741504
-2.7470000000000003       0.21419914696174983
-2.7470000000000003       0.1909748433185137
-2.7470000000000003       0.17464275540999616
-2.7470000000000003       0.16261289449879202
-2.7470000000000003       0.15344360038196536
-2.7470000000000003       0.14623932959829103
-2.68                     0.219145412821455
-2.68                     0.1944578336831471
-2.68                     0.17730622683898284
-2.68                     0.16462881000882834
-2.68                     0.1550756055080654
-2.68                     0.1476292061625003
-2.613                    0.2242343876445304
-2.613                    0.1978507060191864
-2.613                    0.18017817513275117
-2.613                    0.16682943837868225
-2.613                    0.15674416106701233
-2.613                    0.14882927332578402
-2.546                    0.22921932415947815
-2.546                    0.2016962050868508
-2.546                    0.18266044004692375
-2.546                    0.1687592661205433
-2.546                    0.15853521138351948
-2.546                    0.15041069771791662
-2.479                    0.23425584537324756
-2.479                    0.20502591317483584
-2.479                    0.1855479124158976
-2.479                    0.1709746061188435
-2.479                    0.16042699115424958
-2.479                    0.1517612910624436
-2.4120000000000004       0.23933091963805556
-2.4120000000000004       0.20856069112788864
-2.4120000000000004       0.18830286990612569
-2.4120000000000004       0.17316509596178623
-2.4120000000000004       0.1617410715196513
-2.4120000000000004       0.15315878890429108
-2.345                    0.24442293982494914
-2.345                    0.21220112250015039
-2.345                    0.1909602825156224
-2.345                    0.17494508620578053
-2.345                    0.16368749073672537
-2.345                    0.15441930461827247
-2.278                    0.24948569497634884
-2.278                    0.2157813889464905
-2.278                    0.19348739009242574
-2.278                    0.17727136431753576
-2.278                    0.16523885041565253
-2.278                    0.15568563599728932
-2.2110000000000003       0.2544768305073312
-2.2110000000000003       0.2192732810864628
-2.2110000000000003       0.19582341839175887
-2.2110000000000003       0.17905543752177683
-2.2110000000000003       0.166861797696467
-2.2110000000000003       0.1570064123336466
-2.144                    0.25899363910501483
-2.144                    0.22278518898209326
-2.144                    0.19861819814661688
-2.144                    0.18122285844956681
-2.144                    0.16842479910533614
-2.144                    0.15833368855058935
-2.077                    0.26344144964937655
-2.077                    0.2261541644449522
-2.077                    0.20097732449659916
-2.077                    0.1833224004995814
-2.077                    0.1700520288179474
-2.077                    0.1597506936955434
-2.01                     0.26829407569674407
-2.01                     0.2292883434661708
-2.01                     0.20346615593614467
-2.01                     0.1850646680791653
-2.01                     0.1714642359779289
-2.01                     0.16114183130692253
-1.9429999999999998       0.2728155486900441
-1.9429999999999998       0.2325406897549116
-1.9429999999999998       0.20590733594302293
-1.9429999999999998       0.1869028125135554
-1.9429999999999998       0.17284807980983127
-1.9429999999999998       0.16210103193094902
-1.876                    0.27713013472201375
-1.876                    0.2356458888718011
-1.876                    0.20873146788781222
-1.876                    0.18872465953114956
-1.876                    0.1745329660472684
-1.876                    0.16323183299116126
-1.8090000000000002       0.2816367968911301
-1.8090000000000002       0.23854190425993846
-1.8090000000000002       0.21070897977410885
-1.8090000000000002       0.19069481200054916
-1.8090000000000002       0.17612467361346015
-1.8090000000000002       0.16440586295950027
-1.7420000000000002       0.28547957545503383
-1.7420000000000002       0.24145104458038255
-1.7420000000000002       0.21285686395223452
-1.7420000000000002       0.19238291105701555
-1.7420000000000002       0.17748870281006496
-1.7420000000000002       0.16569452878737995
-1.675                    0.2893935299882278
-1.675                    0.24414399648299978
-1.675                    0.21486799834672726
-1.675                    0.19415240959484217
-1.675                    0.17861995369400296
-1.675                    0.16684666895975328
-1.608                    0.29330993186111026
-1.608                    0.247218106948862
-1.608                    0.21714420965168796
-1.608                    0.1962931785334297
-1.608                    0.18027027286883246
-1.608                    0.16785725969038853
-1.541                    0.297021364788186
-1.541                    0.24972920472927665
-1.541                    0.21920115207401925
-1.541                    0.19770535271079215
-1.541                    0.18165700296510384
-1.541                    0.16909410459081953
-1.474                    0.30106542268015696
-1.474                    0.2525505273559526
-1.474                    0.22137794066685393
-1.474                    0.19918343202628022
-1.474                    0.18279664564473913
-1.474                    0.17030271456920554
-1.4069999999999998       0.3043757099380986
-1.4069999999999998       0.25540185001226967
-1.4069999999999998       0.22322320179074284
-1.4069999999999998       0.20093718329205776
-1.4069999999999998       0.18426478999431017
-1.4069999999999998       0.17140004033900502
-1.3400000000000003       0.30807015828562373
-1.3400000000000003       0.2571554674750965
-1.3400000000000003       0.22526870851632375
-1.3400000000000003       0.20236166250137722
-1.3400000000000003       0.18550440647619248
-1.3400000000000003       0.17220570223552756
-1.2730000000000001       0.3107337531995206
-1.2730000000000001       0.2596227013560436
-1.2730000000000001       0.22678838496845014
-1.2730000000000001       0.20401877984024033
-1.2730000000000001       0.1865008885977119
-1.2730000000000001       0.17316028064397343
-1.2060000000000002       0.3138116097712408
-1.2060000000000002       0.26209620853581334
-1.2060000000000002       0.22836152092166948
-1.2060000000000002       0.20504311504967285
-1.2060000000000002       0.1876346331020093
-1.2060000000000002       0.1740387245494152
-1.139                    0.3167644802306294
-1.139                    0.2639700122109359
-1.139                    0.23010302171551972
-1.139                    0.20618445684070183
-1.139                    0.18856517457652144
-1.139                    0.1749651853728598
-1.072                    0.31942445853654766
-1.072                    0.26626734246979067
-1.072                    0.2315480195247005
-1.072                    0.20754931516854766
-1.072                    0.18944481417554496
-1.072                    0.17574162946824662
-1.005                    0.32208231095849876
-1.005                    0.2680926765581467
-1.005                    0.23304307253661952
-1.005                    0.20853553902224492
-1.005                    0.19049097745993798
-1.005                    0.17653984064696696
-0.938                    0.3248313207856552
-0.938                    0.26974683247604997
-0.938                    0.23451082354936442
-0.938                    0.20998594196669168
-0.938                    0.19161163061823724
-0.938                    0.17736431455458698
-0.8709999999999999       0.3272112942730943
-0.8709999999999999       0.271281775059702
-0.8709999999999999       0.23573620227217354
-0.8709999999999999       0.21075773165143932
-0.8709999999999999       0.1922560260920782
-0.8709999999999999       0.17794761264889905
-0.8039999999999998       0.3292899175803318
-0.8039999999999998       0.2730654789175234
-0.8039999999999998       0.23700260980987
-0.8039999999999998       0.21167007352348988
-0.8039999999999998       0.19325911388758726
-0.8039999999999998       0.1787475258960495
-0.7369999999999998       0.33144457601197225
-0.7369999999999998       0.274196907153463
-0.7369999999999998       0.2378844970692468
-0.7369999999999998       0.2126570348452273
-0.7369999999999998       0.19371621061381752
-0.7369999999999998       0.17921856514214887
-0.6699999999999997       0.3334731169977688
-0.6699999999999997       0.27594448848442954
-0.6699999999999997       0.2390477473335537
-0.6699999999999997       0.21341731745276002
-0.6699999999999997       0.19427296350597367
-0.6699999999999997       0.17964926629270037
-0.6029999999999996       0.3350271883696986
-0.6029999999999996       0.2772067134116792
-0.6029999999999996       0.23997855522054037
-0.6029999999999996       0.21408472533870762
-0.6029999999999996       0.1950896699089368
-0.6029999999999996       0.18029889229123905
-0.5359999999999996       0.33688657765551105
-0.5359999999999996       0.2785055731649581
-0.5359999999999996       0.2409001384398949
-0.5359999999999996       0.21502190536002416
-0.5359999999999996       0.19565278147226156
-0.5359999999999996       0.18085440322625618
-0.4690000000000004       0.3382263911629727
-0.4690000000000004       0.2794971403257094
-0.4690000000000004       0.24195241425253805
-0.4690000000000004       0.21550654542453898
-0.4690000000000004       0.1961628475610988
-0.4690000000000004       0.18132450684412715
-0.40200000000000036      0.33939005011803797
-0.40200000000000036      0.28030765444767236
-0.40200000000000036      0.24234703796237406
-0.40200000000000036      0.2160944117196938
-0.40200000000000036      0.19680899354803152
-0.40200000000000036      0.1814639651465468
-0.3350000000000003       0.3408669347666395
-0.3350000000000003       0.28091599804256856
-0.3350000000000003       0.24302573797702298
-0.3350000000000003       0.21638575065008292
-0.3350000000000003       0.19704208042769528
-0.3350000000000003       0.1818439850925911
-0.26800000000000024      0.34198008992505124
-0.26800000000000024      0.28174439250772276
-0.26800000000000024      0.2435555462176191
-0.26800000000000024      0.2168213786506357
-0.26800000000000024      0.19753989884294768
-0.26800000000000024      0.1821405708247676
-0.20100000000000018      0.34298381570877307
-0.20100000000000018      0.28244307605956187
-0.20100000000000018      0.24413304766452978
-0.20100000000000018      0.2174451360252835
-0.20100000000000018      0.1976439235020283
-0.20100000000000018      0.18237496997016353
-0.13400000000000012      0.34418027117328864
-0.13400000000000012      0.28297554347576076
-0.13400000000000012      0.24466004991612086
-0.13400000000000012      0.2176230639178112
-0.13400000000000012      0.19771291341110903
-0.13400000000000012      0.18244593927780803
-0.06700000000000006      0.3442833340202893
-0.06700000000000006      0.28348498639680364
-0.06700000000000006      0.24491789660202204
-0.06700000000000006      0.21796342349434006
-0.06700000000000006      0.1979674763384546
-0.06700000000000006      0.18297660822119166
0                         0.3447364004071282
0                         0.28379077778782213
0                         0.24491770525441162
0                         0.2181976036510635
0                         0.19810736758557781
0                         0.18284610445432142
0.06700000000000006       0.3451644621465052
0.06700000000000006       0.2840922515973438
0.06700000000000006       0.24527295700144913
0.06700000000000006       0.21814042068521697
0.06700000000000006       0.19826829734020157
0.06700000000000006       0.18297257844133577
0.13400000000000012       0.3454216072203343
0.13400000000000012       0.28383043098566324
0.13400000000000012       0.24515271852491313
0.13400000000000012       0.21817260323856894
0.13400000000000012       0.19830379849917276
0.13400000000000012       0.18279493841420652
0.20100000000000018       0.34543304918188883
0.20100000000000018       0.2838513346120221
0.20100000000000018       0.24492665590560492
0.20100000000000018       0.217895595812306
0.20100000000000018       0.19809709110477244
0.20100000000000018       0.1827730792836388
0.26800000000000024       0.3454211946270329
0.26800000000000024       0.28369118435866775
0.26800000000000024       0.2447436196268025
0.26800000000000024       0.2176414214158332
0.26800000000000024       0.19800229840775574
0.26800000000000024       0.18270424293706858
0.3350000000000003        0.3446753972828413
0.3350000000000003        0.2833395153238104
0.3350000000000003        0.24463716773231142
0.3350000000000003        0.21749051917230788
0.3350000000000003        0.1976594969992549
0.3350000000000003        0.18266796354621959
0.40200000000000036       0.3443490425222345
0.40200000000000036       0.28302599472667545
0.40200000000000036       0.2441317297305525
0.40200000000000036       0.2174669332545329
0.40200000000000036       0.19777407105538902
0.40200000000000036       0.18239500427073363
0.4690000000000004        0.3437866184450727
0.4690000000000004        0.2824345222454198
0.4690000000000004        0.24398558212917038
0.4690000000000004        0.2169091224810318
0.4690000000000004        0.19727703861010326
0.4690000000000004        0.18215826670772706
0.5359999999999996        0.3429919599812482
0.5359999999999996        0.28220756725487256
0.5359999999999996        0.24337562368963228
0.5359999999999996        0.21663810412284512
0.5359999999999996        0.19727672048461103
0.5359999999999996        0.1817963052680754
0.6029999999999996        0.3423470713550325
0.6029999999999996        0.2812665153524068
0.6029999999999996        0.2429861651717319
0.6029999999999996        0.21599691072433175
0.6029999999999996        0.1966065463532185
0.6029999999999996        0.18132452568661134
0.6699999999999997        0.34116580172388433
0.6699999999999997        0.280378945134471
0.6699999999999997        0.24197049149626554
0.6699999999999997        0.21537142237502438
0.6699999999999997        0.19593679668888087
0.6699999999999997        0.18085297418354765
0.7369999999999998        0.3399238996455314
0.7369999999999998        0.27919961644331026
0.7369999999999998        0.24118484176214883
0.7369999999999998        0.21493652039700822
0.7369999999999998        0.19548522697489287
0.7369999999999998        0.18033412255151168
0.8039999999999998        0.33841478055117374
0.8039999999999998        0.2783232261066185
0.8039999999999998        0.24022279275847744
0.8039999999999998        0.21427121672509125
0.8039999999999998        0.1947542862094692
0.8039999999999998        0.1799762512825595
0.8709999999999999        0.33673953997058326
0.8709999999999999        0.27701060250967774
0.8709999999999999        0.23923034457017853
0.8709999999999999        0.2133283799482117
0.8709999999999999        0.1940800975564791
0.8709999999999999        0.17943431673794488
0.938                     0.3356025800028652
0.938                     0.27593778648788725
0.938                     0.2383519584768213
0.938                     0.21224571131274603
0.938                     0.19346404675806908
0.938                     0.17861251324719143
1.005                     0.33374499501777016
1.005                     0.2743217378431413
1.005                     0.2370869221143991
1.005                     0.21179015156454425
1.005                     0.19262200153027037
1.005                     0.17825565813294628
1.072                     0.3312602480700871
1.072                     0.2729285074569444
1.072                     0.23598789484907412
1.072                     0.21048964864980302
1.072                     0.19175410031582885
1.072                     0.17755018757933277
1.139                     0.3291966256984927
1.139                     0.27126535664329715
1.139                     0.23492617082399392
1.139                     0.20968484044893726
1.139                     0.19071006380714794
1.139                     0.17673063784539855
1.2060000000000002        0.3263537030056185
1.2060000000000002        0.26945725475368715
1.2060000000000002        0.23353874481904607
1.2060000000000002        0.20831450296608817
1.2060000000000002        0.18996964482017198
1.2060000000000002        0.17598343838655675
1.2730000000000001        0.32402863807462107
1.2730000000000001        0.2677170323182066
1.2730000000000001        0.23186263975060684
1.2730000000000001        0.2074640283312084
1.2730000000000001        0.18907019558000338
1.2730000000000001        0.17531325426922995
1.3400000000000003        0.32121206157070564
1.3400000000000003        0.2659563235690215
1.3400000000000003        0.23041078685261643
1.3400000000000003        0.20581207367779822
1.3400000000000003        0.18779537214793623
1.3400000000000003        0.1743824430319248
1.4070000000000003        0.31820379882485655
1.4070000000000003        0.26347988941988143
1.4070000000000003        0.22880530539632418
1.4070000000000003        0.2043127410704887
1.4070000000000003        0.18679868795789314
1.4070000000000003        0.1732920055560852
1.4740000000000004        0.31563669226819274
1.4740000000000004        0.26126113894875047
1.4740000000000004        0.22680909121862267
1.4740000000000004        0.2032017566174284
1.4740000000000004        0.18563596892519987
1.4740000000000004        0.17234055118907574
1.5410000000000004        0.3121255121375565
1.5410000000000004        0.2585663396591481
1.5410000000000004        0.22508008461592877
1.5410000000000004        0.2016991198909087
1.5410000000000004        0.18466748685612036
1.5410000000000004        0.17141754963826317
1.6080000000000005        0.3085481205514753
1.6080000000000005        0.25596654451868156
1.6080000000000005        0.22285982374243846
1.6080000000000005        0.20003753427105728
1.6080000000000005        0.1831381421965969
1.6080000000000005        0.17034078939776806
1.6749999999999996        0.3050625364550726
1.6749999999999996        0.2534618647963615
1.6749999999999996        0.22113246505790635
1.6749999999999996        0.19825721137383465
1.6749999999999996        0.1819297542916052
1.6749999999999996        0.16927054796701688
1.7419999999999998        0.3010611201528835
1.7419999999999998        0.25089411134391687
1.7419999999999998        0.21860907707432325
1.7419999999999998        0.19660536131521
1.7419999999999998        0.18057290615590518
1.7419999999999998        0.16817914893496794
1.8089999999999997        0.2969107462363107
1.8089999999999997        0.2478223433530938
1.8089999999999997        0.21646376138739248
1.8089999999999997        0.19493761976140997
1.8089999999999997        0.17918552189913053
1.8089999999999997        0.16704570462378826
1.876                     0.2927494130501639
1.876                     0.24515091239725578
1.876                     0.21417400967091085
1.876                     0.19323361292092195
1.876                     0.1775689467568886
1.876                     0.16593863170550352
1.9429999999999998        0.28840740774984963
1.9429999999999998        0.24156715160952538
1.9429999999999998        0.2119370759681239
1.9429999999999998        0.19138968056440903
1.9429999999999998        0.17618361477267397
1.9429999999999998        0.16458574716193605
2.01                      0.283710240297301
2.01                      0.2385622377510861
2.01                      0.209593658521503
2.01                      0.18961897039782144
2.01                      0.1747031512632423
2.01                      0.16344371557063833
2.077                     0.2789985632465295
2.077                     0.23514343261152038
2.077                     0.20712540459649548
2.077                     0.1878629235605503
2.077                     0.17324017893067145
2.077                     0.1621497905443618
2.144                     0.2744917891469381
2.144                     0.23157385682971987
2.144                     0.20464007099144557
2.144                     0.18541541830058916
2.144                     0.17173900887441004
2.144                     0.1608126376233757
2.2110000000000003        0.26897425942113407
2.2110000000000003        0.22812999985920765
2.2110000000000003        0.20192819774836399
2.2110000000000003        0.18321033514165422
2.2110000000000003        0.1698227180368177
2.2110000000000003        0.1597279310471633
2.278                     0.2640492319538705
2.278                     0.2244347583007487
2.278                     0.1992630271795816
2.278                     0.18126063451436017
2.278                     0.16835595610086315
2.278                     0.1583120056336922
2.345                     0.2585447710439651
2.345                     0.22071841265138728
2.345                     0.19655040438123317
2.345                     0.17912352553070118
2.345                     0.16649522021326102
2.345                     0.15690708259399347
2.4120000000000004        0.2529947095129509
2.4120000000000004        0.21729958715430656
2.4120000000000004        0.19370320531119484
2.4120000000000004        0.17735229139735384
2.4120000000000004        0.16474529139988242
2.4120000000000004        0.15535533090109468
2.4790000000000005        0.24731231069416765
2.4790000000000005        0.21330893762024403
2.4790000000000005        0.19075015764861686
2.4790000000000005        0.17485612959467223
2.4790000000000005        0.1631461245205088
2.4790000000000005        0.15377990496803093
2.5460000000000003        0.2416967481060189
2.5460000000000003        0.20924309565698285
2.5460000000000003        0.18794629760464568
2.5460000000000003        0.17306791330309976
2.5460000000000003        0.16120896041007024
2.5460000000000003        0.15245423426732083
2.6130000000000004        0.23617484795382043
2.6130000000000004        0.20560069884805482
2.6130000000000004        0.18491788539808507
2.6130000000000004        0.1707709439067021
2.6130000000000004        0.15956485916949978
2.6130000000000004        0.15112577927937385
2.6799999999999997        0.23046263031204092
2.6799999999999997        0.20181603439291657
2.6799999999999997        0.18269058635235752
2.6799999999999997        0.16843047483947127
2.6799999999999997        0.15788695303647
2.6799999999999997        0.14979850725190724
2.7469999999999994        0.22536624357865775
2.7469999999999994        0.1978451886668459
2.7469999999999994        0.17926962945707298
2.7469999999999994        0.16594758309376173
2.7469999999999994        0.15618261622753338
2.7469999999999994        0.14839978610508164
2.8139999999999996        0.2191637260679405
2.8139999999999996        0.1942077275864032
2.8139999999999996        0.1764929811218664
2.8139999999999996        0.163967273152517
2.8139999999999996        0.15447207501591403
2.8139999999999996        0.147195477939078
2.881                     0.21385548269852772
2.881                     0.19036755083250606
2.881                     0.17381800229550892
2.881                     0.1616864008131814
2.881                     0.15273722673620416
2.881                     0.1456797347968558
2.948                     0.20828400122447718
2.948                     0.1864625567592262
2.948                     0.17084123490472533
2.948                     0.15972398089573933
2.948                     0.15102677689053312
2.948                     0.14403406793268328
3.0149999999999997        0.2028621954436097
3.0149999999999997        0.1826289237414686
3.0149999999999997        0.16816666455217766
3.0149999999999997        0.15744351895446107
3.0149999999999997        0.1493353078249085
3.0149999999999997        0.1426651262361109
3.082                     0.19758292223233753
3.082                     0.1788905630467738
3.082                     0.1656063779186819
3.082                     0.1553884497434329
3.082                     0.14771103368609964
3.082                     0.1415324386819466
3.149                     0.1930334042320477
3.149                     0.17511676957776198
3.149                     0.16303656296078228
3.149                     0.15340167254052972
3.149                     0.14591924923911484
3.149                     0.14002308258892995
3.216                     0.18797542401861722
3.216                     0.17144163847587604
3.216                     0.16012958489563028
3.216                     0.15138860820977068
3.216                     0.14412911593845465
3.216                     0.1385678769583033
3.283                     0.1825688206748947
3.283                     0.16841379788480612
3.283                     0.1580556702642834
3.283                     0.14915561072577352
3.283                     0.1424934650085213
3.283                     0.13723838963988347
3.35                      0.17792678403551385
3.35                      0.16487104119328658
3.35                      0.1552529755199935
3.35                      0.14718047429951014
3.35                      0.14109130317159876
3.35                      0.13625299089197604
3.4170000000000003        0.173357161927501
3.4170000000000003        0.16168245680334017
3.4170000000000003        0.15256667479460234
3.4170000000000003        0.14517246858511454
3.4170000000000003        0.13937989099670314
3.4170000000000003        0.13451290647460276
3.4840000000000004        0.16910380369946096
3.4840000000000004        0.15872463987706376
3.4840000000000004        0.1502606890161538
3.4840000000000004        0.14327675447530192
3.4840000000000004        0.13795931888498175
3.4840000000000004        0.13373636219497123
3.551                     0.16531240623749943
3.551                     0.1555192021335166
3.551                     0.1478617599344449
3.551                     0.14165663436009213
3.551                     0.13678158621058065
3.551                     0.13230460939800623
3.6180000000000003        0.16143826900061242
3.6180000000000003        0.15274182036828943
3.6180000000000003        0.14576323711135897
3.6180000000000003        0.1397419518990672
3.6180000000000003        0.13505965966767994
3.6180000000000003        0.13103145219585882
3.6850000000000005        0.15751868402691763
3.6850000000000005        0.14997522646544093
3.6850000000000005        0.14344903025465558
3.6850000000000005        0.13807564222058114
3.6850000000000005        0.1338095605584809
3.6850000000000005        0.129701878862562
3.7520000000000007        0.15400993937529225
3.7520000000000007        0.14743373996302997
3.7520000000000007        0.14128936014595303
3.7520000000000007        0.13621266550493794
3.7520000000000007        0.1319891871986965
3.7520000000000007        0.12851090603703613
3.8190000000000004        0.1507675835197834
3.8190000000000004        0.14474746814220896
3.8190000000000004        0.13938143759137156
3.8190000000000004        0.13466769837398662
3.8190000000000004        0.13089223882773787
3.8190000000000004        0.12749978283352492
3.8860000000000006        0.14774200313261712
3.8860000000000006        0.14245195052652254
3.8860000000000006        0.13752641220859194
3.8860000000000006        0.1332567243454264
3.8860000000000006        0.12946211285935674
3.8860000000000006        0.1264052458247563
3.9530000000000007        0.14494855240584614
3.9530000000000007        0.1402899165835665
3.9530000000000007        0.135718096373647
3.9530000000000007        0.13170479000668567
3.9530000000000007        0.12831945326237953
3.9530000000000007        0.12528797258156588
4.0200000000000005        0.14238961707798978
4.0200000000000005        0.13777888814745734
4.0200000000000005        0.13384370429262943
4.0200000000000005        0.1302819827367887
4.0200000000000005        0.12706385006890739
4.0200000000000005        0.1241417507877765
4.087000000000001         0.139900067842256
4.087000000000001         0.13593334496829218
4.087000000000001         0.13225331757015346
4.087000000000001         0.12854936718524568
4.087000000000001         0.12595344430474134
4.087000000000001         0.12326189457365452
4.154000000000001         0.1377514490599892
4.154000000000001         0.13403730617449952
4.154000000000001         0.1305948710664865
4.154000000000001         0.12740717270396468
4.154000000000001         0.12446464395158181
4.154000000000001         0.12230725626424852
4.221000000000001         0.13553480482361155
4.221000000000001         0.13246140003856394
4.221000000000001         0.12921468419426066
4.221000000000001         0.12606434014652254
4.221000000000001         0.12356499557788381
4.221000000000001         0.12113522370145745
4.288000000000001         0.1336418922378874
4.288000000000001         0.1307484348120329
4.288000000000001         0.1278973036330887
4.288000000000001         0.12512840680239676
4.288000000000001         0.1225207355818848
4.288000000000001         0.12045642840089388
4.3549999999999995        0.13188595025884714
4.3549999999999995        0.12927695471134273
4.3549999999999995        0.12646988354308392
4.3549999999999995        0.12384976344963633
4.3549999999999995        0.12169397998334827
4.3549999999999995        0.11952056338626536
4.422                     0.13022479037318532
4.422                     0.12783083647760526
4.422                     0.12535362825347532
4.422                     0.12282685295288928
4.422                     0.12045566457281871
4.422                     0.11841167271379588
4.488999999999999         0.12866099126457045
4.488999999999999         0.12605132697655025
4.488999999999999         0.12389721198723454
4.488999999999999         0.12159354739299047
4.488999999999999         0.11952419210271699
4.488999999999999         0.11771265595772142
4.555999999999999         0.12724456172259904
4.555999999999999         0.1250876004068621
4.555999999999999         0.12300274001990526
4.555999999999999         0.12041658786898918
4.555999999999999         0.11866454301251517
4.555999999999999         0.11686872835708635
4.622999999999999         0.12587538995776718
4.622999999999999         0.12388864603173262
4.622999999999999         0.12185322817028228
4.622999999999999         0.11957740799695801
4.622999999999999         0.11770585528158162
4.622999999999999         0.11607895706905817
4.6899999999999995        0.12470669154691691
4.6899999999999995        0.1223723486635492
4.6899999999999995        0.120749402327744
4.6899999999999995        0.11850633102980337
4.6899999999999995        0.1168468081193302
4.6899999999999995        0.11546015167838396
4.757                     0.12342667297826719
4.757                     0.12158659597280848
4.757                     0.11977806549448958
4.757                     0.11759493545682762
4.757                     0.11612546600028245
4.757                     0.11457812124923103
4.824                     0.12235500277444444
4.824                     0.12064908579721965
4.824                     0.11873037302467483
4.824                     0.11686763986669102
4.824                     0.11518388858749994
4.824                     0.11401751139800456
4.891                     0.12129588925601939
4.891                     0.11961450214207374
4.891                     0.11794169703250593
4.891                     0.11620775258158611
4.891                     0.11472112832180374
4.891                     0.11330282996523823
4.958                     0.12036277644772396
4.958                     0.11844036534094246
4.958                     0.11697261004173498
4.958                     0.11550036932906699
4.958                     0.11373742229096603
4.958                     0.11257144772196806
5.0249999999999995        0.1193488504207201
5.0249999999999995        0.11780100371245698
5.0249999999999995        0.11621483333954158
5.0249999999999995        0.11459269534120278
5.0249999999999995        0.11342899452319069
5.0249999999999995        0.11193643378100336
5.092                     0.1185411143334841
5.092                     0.11696145405847089
5.092                     0.11545286692339156
5.092                     0.11388902782449398
5.092                     0.1128247982650296
5.092                     0.11158176781011254
5.159                     0.11765316836043542
5.159                     0.1160216805071516
5.159                     0.11461490002434986
5.159                     0.11339339295645601
5.159                     0.11203837973341706
5.159                     0.11087273179324164
5.226                     0.11688979901533567
5.226                     0.11540288472061543
5.226                     0.11391459572721323
5.226                     0.11254611153072755
5.226                     0.11152894819707831
5.226                     0.11045472698647434
5.293                     0.11604623478437079
5.293                     0.11463369087506299
5.293                     0.11304220653109893
5.293                     0.11176827999876707
5.293                     0.11070512594862016
5.293                     0.10978435675699733
5.36                      0.11536247657789306
5.36                      0.11397827149813479
5.36                      0.11262266954891058
5.36                      0.11119888627254959
5.36                      0.11033075112947956
5.36                      0.10925736353984135
