% Model:              wave_0.5_直叶片2mm_倾斜0deg-不同间隙对比 - 副本.mph
% Version:            COMSOL 6.3.0.290
% Date:               Jun 9 2026, 08:22
% Dimension:          1
% Nodes:              966
% Expressions:        1
% Description:        全局
% theta*67 (rad)          Value
-5.36                     0.11540951578199343
-5.36                     0.11379722810402067
-5.36                     0.11245852134980087
-5.36                     0.11111852725065717
-5.36                     0.11010481589207351
-5.36                     0.10916092978278118
-5.293                    0.1161496904867126
-5.293                    0.11475813746894988
-5.293                    0.11286002326818852
-5.293                    0.11175129341156263
-5.293                    0.11067649874873567
-5.293                    0.10968037780098519
-5.226                    0.11690383309707644
-5.226                    0.11541648302366644
-5.226                    0.11388521405331996
-5.226                    0.11257918317269629
-5.226                    0.11114655676245505
-5.226                    0.11005514773521113
-5.159                    0.11768625661129753
-5.159                    0.11596191027586035
-5.159                    0.11428428605891788
-5.159                    0.11298487093033609
-5.159                    0.11196251109519445
-5.159                    0.1108279610561953
-5.092                    0.11856836926042412
-5.092                    0.11693923195016248
-5.092                    0.11511430442784358
-5.092                    0.11375249387696465
-5.092                    0.11246907071785305
-5.092                    0.11116222775167052
-5.0249999999999995       0.11944900129570302
-5.0249999999999995       0.11784232298898652
-5.0249999999999995       0.11596485261197068
-5.0249999999999995       0.11453054712891941
-5.0249999999999995       0.11315913487552885
-5.0249999999999995       0.1119376647735188
-4.958                    0.12035467634100319
-4.958                    0.11861947972152129
-4.958                    0.11699844045750984
-4.958                    0.11494814459951966
-4.958                    0.1138069299466435
-4.958                    0.11249313962853104
-4.891                    0.1213203607303483
-4.891                    0.11956003608813984
-4.891                    0.11766262118960061
-4.891                    0.11581241289702454
-4.891                    0.11468330589165804
-4.891                    0.11300419244937496
-4.824000000000001        0.12239127622147364
-4.824000000000001        0.12034301932941353
-4.824000000000001        0.11833581022980978
-4.824000000000001        0.11653142706789829
-4.824000000000001        0.11505067328425289
-4.824000000000001        0.11364064601372528
-4.757000000000001        0.12345803983632814
-4.757000000000001        0.12133288310363402
-4.757000000000001        0.11937580391961772
-4.757000000000001        0.11741991018043559
-4.757000000000001        0.11577480394897573
-4.757000000000001        0.11396638861227207
-4.69                     0.12461518779477834
-4.69                     0.12236671877713953
-4.69                     0.12017932473818091
-4.69                     0.11844110939486724
-4.69                     0.11637534215020712
-4.69                     0.1147913007786661
-4.623                    0.1258754790011834
-4.623                    0.1235484403106213
-4.623                    0.12127493379377922
-4.623                    0.11934253881950246
-4.623                    0.11728590309873001
-4.623                    0.11578522290695828
-4.556                    0.12720099390315204
-4.556                    0.12483495027427574
-4.556                    0.12254349933255405
-4.556                    0.12029739470623169
-4.556                    0.11817129876517564
-4.556                    0.11647915752822928
-4.489                    0.1286415121034208
-4.489                    0.12617371265497193
-4.489                    0.12347816640845943
-4.489                    0.12122417636106683
-4.489                    0.11912335836784242
-4.489                    0.11707049509552524
-4.422000000000001        0.13011734205133876
-4.422000000000001        0.12755870251135057
-4.422000000000001        0.1247487084384344
-4.422000000000001        0.12229811247578562
-4.422000000000001        0.11979945848827134
-4.422000000000001        0.11803973415241212
-4.355                    0.13167827874109223
-4.355                    0.12897276908705982
-4.355                    0.1261315431852
-4.355                    0.12334697118983838
-4.355                    0.12093834895637276
-4.355                    0.11891325064473005
-4.288                    0.13338379741653356
-4.288                    0.13041228883774122
-4.288                    0.1271068243446952
-4.288                    0.12444805344023159
-4.288                    0.12204798864161034
-4.288                    0.1196682324649661
-4.221                    0.13526073892017113
-4.221                    0.13198027616953034
-4.221                    0.12844844970824687
-4.221                    0.12557432823280673
-4.221                    0.1230489083136299
-4.221                    0.12050441677017736
-4.154                    0.1372741103159262
-4.154                    0.1336669045957833
-4.154                    0.129905737464398
-4.154                    0.1267947604732842
-4.154                    0.1239408036982906
-4.154                    0.12152639224132487
-4.087                    0.1393673537120053
-4.087                    0.13541501111653295
-4.087                    0.13144902861165908
-4.087                    0.12817007738709513
-4.087                    0.12519389065352624
-4.087                    0.1223821000767626
-4.02                     0.14165639148134335
-4.02                     0.13733539614439874
-4.02                     0.13298294765466045
-4.02                     0.1290802950251958
-4.02                     0.12612142316192834
-4.02                     0.12325276899046145
-3.953                    0.1440732975640417
-3.953                    0.13925153252177844
-3.953                    0.13461485200168835
-3.953                    0.1304765010113645
-3.953                    0.12722732284076513
-3.953                    0.12437968931228408
-3.886                    0.14672183379366843
-3.886                    0.14128883616953944
-3.886                    0.1364226502739917
-3.886                    0.1320293902894911
-3.886                    0.12865313485649482
-3.886                    0.12521774971227245
-3.819                    0.14945855278018144
-3.819                    0.14354469280209237
-3.819                    0.13830170683411278
-3.819                    0.1334988297155766
-3.819                    0.12985006886235845
-3.819                    0.12645869063044662
-3.7520000000000002       0.15252828102711
-3.7520000000000002       0.14580201820235722
-3.7520000000000002       0.13996323447479758
-3.7520000000000002       0.13500970813970883
-3.7520000000000002       0.13109804880860618
-3.7520000000000002       0.12755326679106718
-3.685                    0.15559006864618138
-3.685                    0.14829502869689448
-3.685                    0.14199429139311137
-3.685                    0.13684557829067204
-3.685                    0.13246936253640537
-3.685                    0.12886397034816924
-3.618                    0.15918143039567278
-3.618                    0.15076983600770444
-3.618                    0.14391181307324868
-3.618                    0.13840892688836878
-3.618                    0.13377862670753446
-3.618                    0.1299053730789342
-3.551                    0.16271510561812996
-3.551                    0.15348526671700832
-3.551                    0.14590986994085167
-3.551                    0.1400174032507692
-3.551                    0.1352435549966604
-3.551                    0.1310604921147917
-3.4840000000000004       0.1662392003279078
-3.4840000000000004       0.15621491129091997
-3.4840000000000004       0.14796337550858032
-3.4840000000000004       0.1417509028540009
-3.4840000000000004       0.13668018947342483
-3.4840000000000004       0.13225209123827342
-3.4170000000000003       0.17015303236587911
-3.4170000000000003       0.1591923622993297
-3.4170000000000003       0.15048660908123518
-3.4170000000000003       0.14369237606099264
-3.4170000000000003       0.13823162202532963
-3.4170000000000003       0.13327940975572244
-3.35                     0.17433021257143583
-3.35                     0.1620804940092168
-3.35                     0.15285605518870454
-3.35                     0.14537290261760474
-3.35                     0.13972877033632272
-3.35                     0.13448741759350183
-3.283                    0.17836430778886653
-3.283                    0.16512544206159424
-3.283                    0.15550320689761823
-3.283                    0.14730201209708105
-3.283                    0.14117099876218575
-3.283                    0.1361216859856461
-3.216                    0.18276306435517398
-3.216                    0.16847171950516032
-3.216                    0.15769234648621053
-3.216                    0.14928634537787144
-3.216                    0.14265690523297717
-3.216                    0.13736575897599332
-3.149                    0.18713204142067846
-3.149                    0.17172874818116773
-3.149                    0.1601124352524027
-3.149                    0.1510779118185798
-3.149                    0.14459324502598786
-3.149                    0.13858215867096443
-3.082                    0.1918955447594868
-3.082                    0.17525232536895807
-3.082                    0.16263765218621187
-3.082                    0.15330560303385957
-3.082                    0.14604544101019137
-3.082                    0.1395823115839033
-3.0149999999999997       0.19651008885299184
-3.0149999999999997       0.17857575854995125
-3.0149999999999997       0.1652229465005528
-3.0149999999999997       0.1554506998097705
-3.0149999999999997       0.14764474703457
-3.0149999999999997       0.14136513423007835
-2.948                    0.20170349083701844
-2.948                    0.18204850137722028
-2.948                    0.16783456134534605
-2.948                    0.1575248725098038
-2.948                    0.14918080300145514
-2.948                    0.14274000928523267
-2.8810000000000002       0.20632780108796145
-2.8810000000000002       0.18542951198603325
-2.8810000000000002       0.17069213413608245
-2.8810000000000002       0.15926210949892972
-2.8810000000000002       0.15083484542433925
-2.8810000000000002       0.14399185825013966
-2.814                    0.21130131520688267
-2.814                    0.18915677916716828
-2.814                    0.1731776238690206
-2.814                    0.16127663430027625
-2.814                    0.15256108093815557
-2.814                    0.1452831991162212
-2.7470000000000003       0.21640683760114435
-2.7470000000000003       0.1926909655042495
-2.7470000000000003       0.17579510511449523
-2.7470000000000003       0.16375201723839986
-2.7470000000000003       0.15409228152784435
-2.7470000000000003       0.14651921725773856
-2.68                     0.2215898299645094
-2.68                     0.196017872955103
-2.68                     0.17838898641524434
-2.68                     0.16555653020178618
-2.68                     0.15582757501863537
-2.68                     0.14820249373798322
-2.613                    0.22677457582245844
-2.613                    0.19976322345754116
-2.613                    0.18127917318692222
-2.613                    0.16760059103773084
-2.613                    0.15750821032006554
-2.613                    0.1494083961802606
-2.546                    0.23232418635270283
-2.546                    0.20345020252163093
-2.546                    0.18371003059207144
-2.546                    0.16949692743314465
-2.546                    0.1593959530931413
-2.546                    0.15092485357596117
-2.479                    0.23705754261053785
-2.479                    0.20691989627003915
-2.479                    0.1869792561652408
-2.479                    0.1719510251016057
-2.479                    0.16102880441532372
-2.479                    0.15207236526583445
-2.4120000000000004       0.24209482075706393
-2.4120000000000004       0.21056247292433686
-2.4120000000000004       0.18950143792747948
-2.4120000000000004       0.17401589147755536
-2.4120000000000004       0.1625974549507201
-2.4120000000000004       0.15370452700266
-2.345                    0.2472602152462595
-2.345                    0.21420111076769655
-2.345                    0.19212751625869012
-2.345                    0.17621998655567792
-2.345                    0.16436581768402184
-2.345                    0.15491147086457605
-2.278                    0.25241632487953114
-2.278                    0.2177640389546822
-2.278                    0.19479122752545575
-2.278                    0.178281605396911
-2.278                    0.16597379298564238
-2.278                    0.1563781295043163
-2.2110000000000003       0.2577772108276997
-2.2110000000000003       0.2211529877948743
-2.2110000000000003       0.19711222191946362
-2.2110000000000003       0.18038351978459227
-2.2110000000000003       0.16754281121061526
-2.2110000000000003       0.15760163831557025
-2.144                    0.2623116727165711
-2.144                    0.2247911632814019
-2.144                    0.19987990352757093
-2.144                    0.18225827074601947
-2.144                    0.16913868059534165
-2.144                    0.15920332764604542
-2.077                    0.2668969752524121
-2.077                    0.22803021206736737
-2.077                    0.20262674588437193
-2.077                    0.18407392316634752
-2.077                    0.17072458442811803
-2.077                    0.16022140583012445
-2.01                     0.27139391224765436
-2.01                     0.23147451850126508
-2.01                     0.20502049865079447
-2.01                     0.1861993825528371
-2.01                     0.17252332430184575
-2.01                     0.16154649710858698
-1.9429999999999998       0.27612996953836766
-1.9429999999999998       0.2344334045520125
-1.9429999999999998       0.20769911893764012
-1.9429999999999998       0.1880895280044585
-1.9429999999999998       0.17391886033806614
-1.9429999999999998       0.1628443452299849
-1.876                    0.28108995320405766
-1.876                    0.2377811425812072
-1.876                    0.2096010729398181
-1.876                    0.18993898351509256
-1.876                    0.17535149113054718
-1.876                    0.16389563335942806
-1.8090000000000002       0.285304269975323
-1.8090000000000002       0.24055750493435663
-1.8090000000000002       0.21192673004365334
-1.8090000000000002       0.19156431861399156
-1.8090000000000002       0.1769990397608769
-1.8090000000000002       0.1649046943760263
-1.7420000000000002       0.28898074035391963
-1.7420000000000002       0.24359847988632694
-1.7420000000000002       0.2141420140521366
-1.7420000000000002       0.19348505118020964
-1.7420000000000002       0.177912993088482
-1.7420000000000002       0.16645451313789209
-1.675                    0.2933167779242063
-1.675                    0.24642459557934188
-1.675                    0.21622885918373544
-1.675                    0.19498970459903758
-1.675                    0.17965160099823813
-1.675                    0.16767515121221818
-1.608                    0.29647288139945627
-1.608                    0.24942813694414187
-1.608                    0.218547970019537
-1.608                    0.19684506285138834
-1.608                    0.18096306916431917
-1.608                    0.16869298920881062
-1.541                    0.3006576256708561
-1.541                    0.2520224089025285
-1.541                    0.2201993863581064
-1.541                    0.19873216691510587
-1.541                    0.18244296818058736
-1.541                    0.16987801921029344
-1.474                    0.30435199900068627
-1.474                    0.2545758408367346
-1.474                    0.22258455076751862
-1.474                    0.20021151427691303
-1.474                    0.1834155127768621
-1.474                    0.1707031156001479
-1.4069999999999998       0.3072003652093833
-1.4069999999999998       0.25694145518672
-1.4069999999999998       0.22417812218944497
-1.4069999999999998       0.20178573840599803
-1.4069999999999998       0.18483111359265925
-1.4069999999999998       0.17174652702192347
-1.3400000000000003       0.3110011312706818
-1.3400000000000003       0.25948452772789893
-1.3400000000000003       0.2263128199196882
-1.3400000000000003       0.20328365032474177
-1.3400000000000003       0.18611314897189818
-1.3400000000000003       0.17300828865131485
-1.2730000000000001       0.313658693195464
-1.2730000000000001       0.2615906127187492
-1.2730000000000001       0.22808037122315006
-1.2730000000000001       0.20470953896110555
-1.2730000000000001       0.18711901529911212
-1.2730000000000001       0.17382680477849619
-1.2060000000000002       0.31646410633881056
-1.2060000000000002       0.26367109724377724
-1.2060000000000002       0.22979120506181494
-1.2060000000000002       0.2059810690091479
-1.2060000000000002       0.1880538569836585
-1.2060000000000002       0.17480061451299217
-1.139                    0.319355781792483
-1.139                    0.2657302102556817
-1.139                    0.23110115777780854
-1.139                    0.2070419758215996
-1.139                    0.18936264118261098
-1.139                    0.17535743741313667
-1.072                    0.32210590153739105
-1.072                    0.26784445823934344
-1.072                    0.2327026309372255
-1.072                    0.20827596246237146
-1.072                    0.19017694476567845
-1.072                    0.17612998746816935
-1.005                    0.3251080633876827
-1.005                    0.2695376996205336
-1.005                    0.23408510769298832
-1.005                    0.20927808035424014
-1.005                    0.19105800996148645
-1.005                    0.17673732792231162
-0.938                    0.3275294736487216
-0.938                    0.2712075720426364
-0.938                    0.2354881406543073
-0.938                    0.2103238680173912
-0.938                    0.1919108497896835
-0.938                    0.17763976455797956
-0.8709999999999999       0.32948824377235914
-0.8709999999999999       0.2727174260993014
-0.8709999999999999       0.23673128246505287
-0.8709999999999999       0.21143646600296603
-0.8709999999999999       0.1926695431761489
-0.8709999999999999       0.1784941731290577
-0.8039999999999998       0.33162408554039857
-0.8039999999999998       0.27386572808824666
-0.8039999999999998       0.23769529218392696
-0.8039999999999998       0.21222331799990865
-0.8039999999999998       0.19343989637005077
-0.8039999999999998       0.17904295948329205
-0.7369999999999998       0.3332540943804888
-0.7369999999999998       0.27554546684113285
-0.7369999999999998       0.23844492106550977
-0.7369999999999998       0.21295219629308165
-0.7369999999999998       0.19402102194627582
-0.7369999999999998       0.17940127782390314
-0.6699999999999997       0.3348746720388161
-0.6699999999999997       0.27701139274722436
-0.6699999999999997       0.23961456641736334
-0.6699999999999997       0.2137709373208647
-0.6699999999999997       0.19485749013415082
-0.6699999999999997       0.18007021061179376
-0.6029999999999996       0.3367648989811625
-0.6029999999999996       0.2781174053849653
-0.6029999999999996       0.24053804098699202
-0.6029999999999996       0.21459871003269734
-0.6029999999999996       0.1953845660660441
-0.6029999999999996       0.18063264992732597
-0.5359999999999996       0.33814533753856413
-0.5359999999999996       0.2793465992999902
-0.5359999999999996       0.2414861078297892
-0.5359999999999996       0.21536142653873921
-0.5359999999999996       0.1960792758601277
-0.5359999999999996       0.18122160916826946
-0.4690000000000004       0.3391612028206941
-0.4690000000000004       0.2802670659278736
-0.4690000000000004       0.24214836455261965
-0.4690000000000004       0.21577576269947396
-0.4690000000000004       0.19644196859313953
-0.4690000000000004       0.1815197287411727
-0.40200000000000036      0.3406097136602807
-0.40200000000000036      0.28098455977436987
-0.40200000000000036      0.24277537243102154
-0.40200000000000036      0.2162681893440037
-0.40200000000000036      0.19676303526027922
-0.40200000000000036      0.18191452315429266
-0.3350000000000003       0.3415474057231794
-0.3350000000000003       0.28149417008657185
-0.3350000000000003       0.24314913028157686
-0.3350000000000003       0.21692858655880604
-0.3350000000000003       0.19731824820108604
-0.3350000000000003       0.18207319183408996
-0.26800000000000024      0.34244634896657383
-0.26800000000000024      0.28218911447278355
-0.26800000000000024      0.24365756054034743
-0.26800000000000024      0.21706189369982337
-0.26800000000000024      0.19736825755462542
-0.26800000000000024      0.18204671762018043
-0.20100000000000018      0.34333756519399217
-0.20100000000000018      0.2827250006911591
-0.20100000000000018      0.24429360484553858
-0.20100000000000018      0.21768731988900997
-0.20100000000000018      0.197684465638661
-0.20100000000000018      0.18251701272642668
-0.13400000000000012      0.34411817910903036
-0.13400000000000012      0.2831462927320206
-0.13400000000000012      0.24463055736417835
-0.13400000000000012      0.21783866184443024
-0.13400000000000012      0.19778617863612602
-0.13400000000000012      0.18263124880610926
-0.06700000000000006      0.34431116914690413
-0.06700000000000006      0.2835109028576328
-0.06700000000000006      0.24468029901596128
-0.06700000000000006      0.21788658119419085
-0.06700000000000006      0.1981629847417587
-0.06700000000000006      0.18274422161341383
0                         0.3443633424218094
0                         0.28371149889737934
0                         0.24485150045591325
0                         0.21792420421199654
0                         0.19803744793479452
0                         0.18306021892500446
0.06700000000000006       0.34466597490951467
0.06700000000000006       0.2840696265783927
0.06700000000000006       0.24525135685419724
0.06700000000000006       0.21795859729917644
0.06700000000000006       0.19818185736946248
0.06700000000000006       0.18296000874650106
0.13400000000000012       0.3446761772910732
0.13400000000000012       0.28397694553179
0.13400000000000012       0.2447299997296019
0.13400000000000012       0.218045597721228
0.13400000000000012       0.1980326473906684
0.13400000000000012       0.1826186585904313
0.20100000000000018       0.34459888386965526
0.20100000000000018       0.28338910295421815
0.20100000000000018       0.24486715869691933
0.20100000000000018       0.2179399581660903
0.20100000000000018       0.1979142219396409
0.20100000000000018       0.1827830513390953
0.26800000000000024       0.3446024461221051
0.26800000000000024       0.2829516741384927
0.26800000000000024       0.24435970650129263
0.26800000000000024       0.2174728084680695
0.26800000000000024       0.19774675920025114
0.26800000000000024       0.18246851121690927
0.3350000000000003        0.3434844243983492
0.3350000000000003        0.28249613189128586
0.3350000000000003        0.24421462956757772
0.3350000000000003        0.21727415979064288
0.3350000000000003        0.1974652994059719
0.3350000000000003        0.18236070405286714
0.40200000000000036       0.34308667153730954
0.40200000000000036       0.2820431023122046
0.40200000000000036       0.24387612095549954
0.40200000000000036       0.2170458524712319
0.40200000000000036       0.19728369770833676
0.40200000000000036       0.18213200947456587
0.4690000000000004        0.34247902050997825
0.4690000000000004        0.28166125292055055
0.4690000000000004        0.24335648026829654
0.4690000000000004        0.21662657388702694
0.4690000000000004        0.19715026989995538
0.4690000000000004        0.18153806706721626
0.5359999999999996        0.341230643455387
0.5359999999999996        0.28112140593691254
0.5359999999999996        0.242862244675926
0.5359999999999996        0.2163633540546454
0.5359999999999996        0.19681742569035046
0.5359999999999996        0.1814960722653063
0.6029999999999996        0.3402794172343691
0.6029999999999996        0.2802934935394452
0.6029999999999996        0.2420675449556665
0.6029999999999996        0.21564426565918593
0.6029999999999996        0.1963695979128241
0.6029999999999996        0.18093748350998737
0.6699999999999997        0.3390870803476641
0.6699999999999997        0.27912479852965577
0.6699999999999997        0.24109015857418464
0.6699999999999997        0.21466330904318945
0.6699999999999997        0.1954632310381877
0.6699999999999997        0.18066518396600473
0.7369999999999998        0.3376656009389263
0.7369999999999998        0.2780663811901521
0.7369999999999998        0.2402126079480655
0.7369999999999998        0.21422819245258898
0.7369999999999998        0.19493825971576437
0.7369999999999998        0.1802377039679863
0.8039999999999998        0.33593898655080223
0.8039999999999998        0.2770628110685496
0.8039999999999998        0.2392108047059954
0.8039999999999998        0.21363099295107224
0.8039999999999998        0.19427669249273033
0.8039999999999998        0.1798107290450472
0.8709999999999999        0.3342792086575604
0.8709999999999999        0.2755196329945702
0.8709999999999999        0.23816290505984375
0.8709999999999999        0.2123662259877544
0.8709999999999999        0.19360216035994232
0.8709999999999999        0.17910314743184658
0.938                     0.3327101501899603
0.938                     0.2742520591133306
0.938                     0.23717561824981948
0.938                     0.21189025052494234
0.938                     0.19269211065082628
0.938                     0.17853423324160356
1.005                     0.33074240067541166
1.005                     0.2726497486755284
1.005                     0.23596460761932725
1.005                     0.21075605595464483
1.005                     0.1921510413679555
1.005                     0.17786406024957258
1.072                     0.3281777270309799
1.072                     0.2711952211830684
1.072                     0.2348698856608973
1.072                     0.20970608168006274
1.072                     0.19103390734844145
1.072                     0.17704597527412386
1.139                     0.32606110646835484
1.139                     0.26943474802171236
1.139                     0.23370507099564583
1.139                     0.20891912486189088
1.139                     0.19031235118501635
1.139                     0.1760322787680202
1.2060000000000002        0.32346348174073003
1.2060000000000002        0.2675824044978735
1.2060000000000002        0.23167165974635043
1.2060000000000002        0.2076781317970006
1.2060000000000002        0.18933149666945687
1.2060000000000002        0.17573633731944882
1.2730000000000001        0.32070104189561693
1.2730000000000001        0.26573735152629185
1.2730000000000001        0.23048869847816364
1.2730000000000001        0.2063722992948075
1.2730000000000001        0.18833625167413215
1.2730000000000001        0.17460197358199647
1.3400000000000003        0.3173983897723285
1.3400000000000003        0.26342494110846626
1.3400000000000003        0.22865651162709247
1.3400000000000003        0.20504980669471254
1.3400000000000003        0.18736620440603027
1.3400000000000003        0.173700276410809
1.4070000000000003        0.31437767044292336
1.4070000000000003        0.2612766710904475
1.4070000000000003        0.22719811098490697
1.4070000000000003        0.20357132731176408
1.4070000000000003        0.18620425632758508
1.4070000000000003        0.17287842381675825
1.4740000000000004        0.3113270847384348
1.4740000000000004        0.2589807734370286
1.4740000000000004        0.22506659947985813
1.4740000000000004        0.2022372754088939
1.4740000000000004        0.18502170833960624
1.4740000000000004        0.1716655121243244
1.5410000000000004        0.3084664467466065
1.5410000000000004        0.25647873163570334
1.5410000000000004        0.22367752835744117
1.5410000000000004        0.2005879390353852
1.5410000000000004        0.18379162781209968
1.5410000000000004        0.17077291201563147
1.6080000000000005        0.30454121014375646
1.6080000000000005        0.2536463168287618
1.6080000000000005        0.22153070528306334
1.6080000000000005        0.19905766131581798
1.6080000000000005        0.18233564846254333
1.6080000000000005        0.16980856310587836
1.6749999999999996        0.3009654881076144
1.6749999999999996        0.2510267019528085
1.6749999999999996        0.21926600720786893
1.6749999999999996        0.1974105221181713
1.6749999999999996        0.18138971246672786
1.6749999999999996        0.168699466749006
1.7419999999999998        0.2966520179560761
1.7419999999999998        0.2482924253033769
1.7419999999999998        0.217004097627128
1.7419999999999998        0.19570950529892656
1.7419999999999998        0.1797796803143441
1.7419999999999998        0.16746011698625277
1.8089999999999997        0.2925594699610165
1.8089999999999997        0.2453799764361479
1.8089999999999997        0.2148889196413147
1.8089999999999997        0.1935973773359633
1.8089999999999997        0.17843489729087011
1.8089999999999997        0.16652170430311788
1.876                     0.28833316145781324
1.876                     0.24233634569929136
1.876                     0.21247023281449548
1.876                     0.19202803313169978
1.876                     0.17687560401779084
1.876                     0.16541206740561662
1.9429999999999998        0.2838958600149496
1.9429999999999998        0.23922734420242206
1.9429999999999998        0.21037490235720405
1.9429999999999998        0.1903299138374263
1.9429999999999998        0.17555829290068883
1.9429999999999998        0.16391462042512622
2.01                      0.27979703848518045
2.01                      0.236031217958328
2.01                      0.2076834835852765
2.01                      0.18818414265481453
2.01                      0.17401190449524398
2.01                      0.1629789243292528
2.077                     0.2749094615391615
2.077                     0.23258196266746906
2.077                     0.2053782307488402
2.077                     0.18630734768994128
2.077                     0.17239397419975583
2.077                     0.1615371975493458
2.144                     0.2703463667841756
2.144                     0.22931841301335507
2.144                     0.2025995752925067
2.144                     0.18418289978304975
2.144                     0.17077826036829477
2.144                     0.16002706581191276
2.2110000000000003        0.26475090297860115
2.2110000000000003        0.22578665275706467
2.2110000000000003        0.20013712556807325
2.2110000000000003        0.18226364516737176
2.2110000000000003        0.16903695240130154
2.2110000000000003        0.1589267050198489
2.278                     0.2596592577634346
2.278                     0.22197393197318188
2.278                     0.19771522678359857
2.278                     0.18013817173389948
2.278                     0.1673996448528042
2.278                     0.15744777885497574
2.345                     0.25443861646185395
2.345                     0.2183239077947853
2.345                     0.19473291731935727
2.345                     0.17815098145209513
2.345                     0.16573042505696686
2.345                     0.15603060700851812
2.4120000000000004        0.24921562006477008
2.4120000000000004        0.21453096724226806
2.4120000000000004        0.1924228603623469
2.4120000000000004        0.1761113049634308
2.4120000000000004        0.16412762489591728
2.4120000000000004        0.15487401720314267
2.4790000000000005        0.24375214100740747
2.4790000000000005        0.21077896283567996
2.4790000000000005        0.18912402780302776
2.4790000000000005        0.17397732489505574
2.4790000000000005        0.16218978306804396
2.4790000000000005        0.1530443498174092
2.5460000000000003        0.23818894005013533
2.5460000000000003        0.20741916146832132
2.5460000000000003        0.18643101303825382
2.5460000000000003        0.17149573301080093
2.5460000000000003        0.1604383152946943
2.5460000000000003        0.15200005215600695
2.6130000000000004        0.2327405112933814
2.6130000000000004        0.20352718818249554
2.6130000000000004        0.18345598775135463
2.6130000000000004        0.16942179497106907
2.6130000000000004        0.15885216834999571
2.6130000000000004        0.1503392885924341
2.6799999999999997        0.2273497360915225
2.6799999999999997        0.19982934217221685
2.6799999999999997        0.18101625953777356
2.6799999999999997        0.16727172758837713
2.6799999999999997        0.15710493145286264
2.6799999999999997        0.14889604353516442
2.7469999999999994        0.22230095928591595
2.7469999999999994        0.195953419398095
2.7469999999999994        0.17774467451361164
2.7469999999999994        0.16536352086816733
2.7469999999999994        0.15535918188710776
2.7469999999999994        0.14761791447594375
2.8139999999999996        0.21660797739749887
2.8139999999999996        0.19237573474429537
2.8139999999999996        0.17521203907718982
2.8139999999999996        0.1628832315824559
2.8139999999999996        0.15374483344086934
2.8139999999999996        0.14630194530161394
2.881                     0.2111275044370573
2.881                     0.18859031604852347
2.881                     0.17268404918119834
2.881                     0.16090881810694307
2.881                     0.15198347019711392
2.881                     0.14485928145121824
2.948                     0.20573418846998173
2.948                     0.184975618487942
2.948                     0.1697681038700985
2.948                     0.1587632053727768
2.948                     0.1505011633712201
2.948                     0.14343441800504023
3.0149999999999997        0.20053877001804535
3.0149999999999997        0.1812454211634023
3.0149999999999997        0.16704097656272324
3.0149999999999997        0.15687608274306863
3.0149999999999997        0.14855579273188746
3.0149999999999997        0.14214800421646898
3.082                     0.19542149823110186
3.082                     0.17768577506715413
3.082                     0.16461567079058573
3.082                     0.1547915140596596
3.082                     0.14720024615988872
3.082                     0.14104819403543306
3.149                     0.19075315932690226
3.149                     0.17398396443139189
3.149                     0.1619200795026646
3.149                     0.1528030523384083
3.149                     0.14533431215841897
3.149                     0.1394590686500426
3.216                     0.18616775964162924
3.216                     0.1704463039456768
3.216                     0.15921238793480838
3.216                     0.15040151071215926
3.216                     0.14375160176351953
3.216                     0.1380651217960248
3.283                     0.1812358890557793
3.283                     0.16734130885641374
3.283                     0.1570199363022867
3.283                     0.14854380033632536
3.283                     0.14211181060195296
3.283                     0.13688372719692907
3.35                      0.17679543735775052
3.35                      0.16419529308691205
3.35                      0.15416932255663746
3.35                      0.14674591928750694
3.35                      0.14076028246591024
3.35                      0.13584498263324085
3.4170000000000003        0.17234563741057157
3.4170000000000003        0.16070745184853424
3.4170000000000003        0.15161519266180992
3.4170000000000003        0.1446833238216009
3.4170000000000003        0.13900529056593328
3.4170000000000003        0.1341894723486777
3.4840000000000004        0.1681119100330142
3.4840000000000004        0.15785272033027262
3.4840000000000004        0.1493801539939338
3.4840000000000004        0.1429182060339129
3.4840000000000004        0.1373908751574804
3.4840000000000004        0.1330270429032815
3.551                     0.1644459899490363
3.551                     0.1546593048310042
3.551                     0.1472052452357138
3.551                     0.14133947387981763
3.551                     0.13600946220496138
3.551                     0.1317803425528587
3.6180000000000003        0.16056400054640582
3.6180000000000003        0.15226253036994783
3.6180000000000003        0.14503090521879516
3.6180000000000003        0.13952461792405502
3.6180000000000003        0.1346698891797585
3.6180000000000003        0.13079549474847496
3.6850000000000005        0.1569914678726751
3.6850000000000005        0.1494554726040156
3.6850000000000005        0.1430000708020002
3.6850000000000005        0.13786913192702055
3.6850000000000005        0.13333618723390397
3.6850000000000005        0.1294925607238856
3.7520000000000007        0.1534174454259228
3.7520000000000007        0.1469117939659607
3.7520000000000007        0.14088492512299888
3.7520000000000007        0.1361084607943494
3.7520000000000007        0.1317550664328833
3.7520000000000007        0.12793787251857067
3.8190000000000004        0.1503858261620698
3.8190000000000004        0.14445597134026641
3.8190000000000004        0.13889126567804844
3.8190000000000004        0.1344376329558814
3.8190000000000004        0.1305491156219514
3.8190000000000004        0.1270892833199634
3.8860000000000006        0.14739916577936393
3.8860000000000006        0.14206593089778075
3.8860000000000006        0.13707209650026883
3.8860000000000006        0.13286141615782937
3.8860000000000006        0.12900372811820465
3.8860000000000006        0.12623095869736314
3.9530000000000007        0.14457969458441036
3.9530000000000007        0.13983266384298637
3.9530000000000007        0.13535996762985927
3.9530000000000007        0.13134217017175515
3.9530000000000007        0.1278908343040313
3.9530000000000007        0.12487296227149958
4.0200000000000005        0.14204751724581563
4.0200000000000005        0.13766409117999953
4.0200000000000005        0.1335070665958903
4.0200000000000005        0.1298856228346482
4.0200000000000005        0.12674035005967424
4.0200000000000005        0.12410952997847345
4.087000000000001         0.1397031634812643
4.087000000000001         0.1355472127118978
4.087000000000001         0.1317883674316058
4.087000000000001         0.12864798395172955
4.087000000000001         0.12555671627514592
4.087000000000001         0.1230009760938229
4.154000000000001         0.13764669446844155
4.154000000000001         0.1336721976195621
4.154000000000001         0.13018945655773623
4.154000000000001         0.12720772622330762
4.154000000000001         0.12428453765033283
4.154000000000001         0.12215828005615582
4.221000000000001         0.13544358847285412
4.221000000000001         0.132311813834689
4.221000000000001         0.12890343654952882
4.221000000000001         0.12577096006069025
4.221000000000001         0.12342584045524461
4.221000000000001         0.12116658500114048
4.288000000000001         0.13357289243334727
4.288000000000001         0.1307775541970905
4.288000000000001         0.12753769758447892
4.288000000000001         0.12486605859269999
4.288000000000001         0.1224103280844719
4.288000000000001         0.12032369942588299
4.3549999999999995        0.13179723319959466
4.3549999999999995        0.1291762565441021
4.3549999999999995        0.12611730515641084
4.3549999999999995        0.12359411516552635
4.3549999999999995        0.12136884232007128
4.3549999999999995        0.11935660933432961
4.422                     0.13012066812839992
4.422                     0.12765529335043077
4.422                     0.12506363328390815
4.422                     0.12271955192244358
4.422                     0.12031126068867044
4.422                     0.11831172331458287
4.488999999999999         0.12865231503592683
4.488999999999999         0.1260576239343726
4.488999999999999         0.12370152882269879
4.488999999999999         0.12153089380660462
4.488999999999999         0.11925714148165988
4.488999999999999         0.11739586807623423
4.555999999999999         0.1272796480235436
4.555999999999999         0.12495984228570257
4.555999999999999         0.1226022664402293
4.555999999999999         0.12040563132705065
4.555999999999999         0.11854421992151588
4.555999999999999         0.11673987465455873
4.622999999999999         0.12585625057981312
4.622999999999999         0.12384862431800209
4.622999999999999         0.12149051559429949
4.622999999999999         0.11934511322598108
4.622999999999999         0.11769263542565027
4.622999999999999         0.11597060782254931
4.6899999999999995        0.12459188668162878
4.6899999999999995        0.12268888220580527
4.6899999999999995        0.12040748112564797
4.6899999999999995        0.11858380965815293
4.6899999999999995        0.11679387089880004
4.6899999999999995        0.11499208282754363
4.757                     0.12345144005850911
4.757                     0.12156929137628873
4.757                     0.11951614420950647
4.757                     0.11798983995534978
4.757                     0.11601392846289525
4.757                     0.11444619934203859
4.824                     0.12238758889565508
4.824                     0.12050211337391577
4.824                     0.1184981227105337
4.824                     0.11690650677902498
4.824                     0.11515715901100389
4.824                     0.11419297512417553
4.891                     0.12132199751333708
4.891                     0.11954195407246633
4.891                     0.1174858625928433
4.891                     0.11605836240508832
4.891                     0.11449160913116879
4.891                     0.11333668773579869
4.958                     0.12034810281361398
4.958                     0.11865278601574854
4.958                     0.11685852732547652
4.958                     0.11520511416947736
4.958                     0.11389521468511082
4.958                     0.11270190241686462
5.0249999999999995        0.11940589779952529
5.0249999999999995        0.11773973448032102
5.0249999999999995        0.11601728851939816
5.0249999999999995        0.11462885497412642
5.0249999999999995        0.11327527355061436
5.0249999999999995        0.11161516077134988
5.092                     0.11845180949039794
5.092                     0.11699844188957974
5.092                     0.11530923460989759
5.092                     0.11389867064447286
5.092                     0.11242062165567963
5.092                     0.11139950513274201
5.159                     0.11764617605903183
5.159                     0.11622478635658029
5.159                     0.11444549692709104
5.159                     0.11318134924378315
5.159                     0.11214548662616784
5.159                     0.11080485979638494
5.226                     0.11677533182980819
5.226                     0.11541864697125848
5.226                     0.11375744822981547
5.226                     0.1122624562937855
5.226                     0.11146073218220855
5.226                     0.11021351629298233
5.293                     0.1160617636935321
5.293                     0.11476728017479049
5.293                     0.11295893635114461
5.293                     0.11171862478175099
5.293                     0.11078187212170251
5.293                     0.1098619813683838
5.36                      0.11536325225195188
5.36                      0.11397084986717289
5.36                      0.1124189710185699
5.36                      0.11115863376806522
5.36                      0.11018927816163038
5.36                      0.10918665270725819
